23Skel_23Skel,23Skel_23Bulge,23Skel_31Skel,23Skel_31Bulge,23Skel_26Skel,23Skel_26Bulge,23Bulge_23Skel,23Bulge_23Bulge,23Bulge_31Skel,23Bulge_31Bulge,23Bulge_26Skel,23Bulge_26Bulge,31Skel_23Skel,31Skel_23Bulge,31Skel_31Skel,31Skel_31Bulge,31Skel_26Skel,31Skel_26Bulge,31Bulge_23Skel,31Bulge_23Bulge,31Bulge_31Skel,31Bulge_31Bulge,31Bulge_26Skel,31Bulge_26Bulge,26Skel_23Skel,26Skel_23Bulge,26Skel_31Skel,26Skel_31Bulge,26Skel_26Skel,26Skel_26Bulge,26Bulge_23Skel,26Bulge_23Bulge,26Bulge_31Skel,26Bulge_31Bulge,26Bulge_26Skel,26Bulge_26Bulge
0.0,7841.797498023014,6702.535266598752,8819.757366277147,6670.2111660726305,8594.77608783382,7841.797498023014,0.0,7875.142347919814,8518.891242409425,8460.90946648172,9510.245738149988,6702.535266598752,7875.142347919814,0.0,6929.857935051771,6639.240619227473,8567.153261148069,8819.757366277147,8518.891242409425,6929.857935051771,0.0,8438.50194051053,9447.722476872403,6670.2111660726305,8460.90946648172,6639.240619227473,8438.50194051053,0.0,7187.76773414389,8594.77608783382,9510.245738149988,8567.153261148069,9447.722476872403,7187.76773414389,0.0
0.0,7637.814477977323,6179.807440365759,8442.812682986636,6351.512654478459,8352.663766727355,7637.814477977323,0.0,8454.550372432588,9323.674597496418,8989.182220869705,9428.481638100591,6179.807440365759,8454.550372432588,0.0,6845.933537509694,7074.087290951392,9186.794762048405,8442.812682986636,9323.674597496418,6845.933537509694,0.0,9284.949919089493,10495.844892146606,6351.512654478459,8989.182220869705,7074.087290951392,9284.949919089493,0.0,7473.552769600279,8352.663766727355,9428.481638100591,9186.794762048405,10495.844892146606,7473.552769600279,0.0
0.0,6899.32330015053,5692.646396887831,7892.031931004841,6509.446059381705,8249.250875079506,6899.32330015053,0.0,7881.568054644964,8467.439046134316,8570.948722282732,8902.634104578263,5692.646396887831,7881.568054644964,0.0,6785.134560198493,6599.412322320829,8471.269149306969,7892.031931004841,8467.439046134316,6785.134560198493,0.0,8632.441253782154,9522.91037446011,6509.446059381705,8570.948722282732,6599.412322320829,8632.441253782154,0.0,7749.67496092578,8249.250875079506,8902.634104578263,8471.269149306969,9522.91037446011,7749.67496092578,0.0
0.0,7611.5910294760315,5753.934306194328,7700.31759085299,6438.895557469464,8332.339467400498,7611.5910294760315,0.0,8270.239657954296,8913.171321140417,8880.79985136474,9184.953184420703,5753.934306194328,8270.239657954296,0.0,7063.776539500665,6998.336945303506,9014.035666670063,7700.31759085299,8913.171321140417,7063.776539500665,0.0,8611.39042199342,9453.286941588096,6438.895557469464,8880.79985136474,6998.336945303506,8611.39042199342,0.0,7523.185296136205,8332.339467400498,9184.953184420703,9014.035666670063,9453.286941588096,7523.185296136205,0.0
0.0,7100.503925778789,5778.683327540972,7904.674819371129,6661.53968688921,8361.124326309231,7100.503925778789,0.0,7712.03313011556,8716.071133257232,8236.826512680718,8828.996545474463,5778.683327540972,7712.03313011556,0.0,6797.938878807311,7075.504504980546,8946.648925715148,7904.674819371129,8716.071133257232,6797.938878807311,0.0,8919.728190926,9820.276167196114,6661.53968688921,8236.826512680718,7075.504504980546,8919.728190926,0.0,6802.067994367595,8361.124326309231,8828.996545474463,8946.648925715148,9820.276167196114,6802.067994367595,0.0
0.0,7866.154778543326,6781.802783921102,8898.900831001545,6725.529198509214,8773.626958105753,7866.154778543326,0.0,7833.357645352343,8598.668210833583,8710.53993734028,9449.889152789043,6781.802783921102,7833.357645352343,0.0,6779.15459331029,6540.652566831539,8485.881745581893,8898.900831001545,8598.668210833583,6779.15459331029,0.0,8700.170055809254,9592.996507869686,6725.529198509214,8710.53993734028,6540.652566831539,8700.170055809254,0.0,6840.002997075367,8773.626958105753,9449.889152789043,8485.881745581893,9592.996507869686,6840.002997075367,0.0
0.0,6692.4662120925195,6090.881791662025,8197.411603671002,6356.431152777476,8452.844255042204,6692.4662120925195,0.0,7608.314333674707,8727.14609709268,7946.794259322434,9239.665253676672,6090.881791662025,7608.314333674707,0.0,6781.038268583949,7046.228210894109,9155.53608479591,8197.411603671002,8727.14609709268,6781.038268583949,0.0,8902.618378881574,10228.45408651767,6356.431152777476,7946.794259322434,7046.228210894109,8902.618378881574,0.0,7824.740826378852,8452.844255042204,9239.665253676672,9155.53608479591,10228.45408651767,7824.740826378852,0.0
0.0,5884.445768294581,5369.065468030726,7329.433470603304,6541.4555719656155,8284.613449039129,5884.445768294581,0.0,7136.05156932039,7606.640585698788,7716.729812556612,8727.443153638986,5369.065468030726,7136.05156932039,0.0,7016.053092729559,6471.278158138468,8619.501841753965,7329.433470603304,7606.640585698788,7016.053092729559,0.0,8592.509645033866,9432.34164987677,6541.4555719656155,7716.729812556612,6471.278158138468,8592.509645033866,0.0,7352.283930861212,8284.613449039129,8727.443153638986,8619.501841753965,9432.34164987677,7352.283930861212,0.0
0.0,6828.0722023130365,5626.053945706529,8302.286793408188,6403.9114609744565,8834.02167758264,6828.0722023130365,0.0,7539.6606687569165,9103.268973286464,8256.695828235408,9252.188876152497,5626.053945706529,7539.6606687569165,0.0,6935.907078385639,7047.833213123024,9162.6351013232,8302.286793408188,9103.268973286464,6935.907078385639,0.0,9332.183131507869,10581.667968708904,6403.9114609744565,8256.695828235408,7047.833213123024,9332.183131507869,0.0,6945.746252203575,8834.02167758264,9252.188876152497,9162.6351013232,10581.667968708904,6945.746252203575,0.0
0.0,7337.554156529272,5765.792920318939,7761.4472877163835,6453.736282185692,8909.047985054296,7337.554156529272,0.0,7654.329167209887,8302.40043601849,8640.221698544547,9695.2113437511,5765.792920318939,7654.329167209887,0.0,7056.23582372358,6497.519372806825,8863.228080107157,7761.4472877163835,8302.40043601849,7056.23582372358,0.0,8689.139312958447,9833.562731787499,6453.736282185692,8640.221698544547,6497.519372806825,8689.139312958447,0.0,7429.722202074584,8909.047985054296,9695.2113437511,8863.228080107157,9833.562731787499,7429.722202074584,0.0
0.0,8025.34485240354,6689.908818511654,8409.01516231241,6736.734372082664,8665.905665307002,8025.34485240354,0.0,9342.808464268119,9815.032857815608,9387.16538684602,9956.975695460946,6689.908818511654,9342.808464268119,0.0,7743.0022601055725,6582.938705471895,8577.423214462488,8409.01516231241,9815.032857815608,7743.0022601055725,0.0,9251.200354548593,10394.372564036754,6736.734372082664,9387.16538684602,6582.938705471895,9251.200354548593,0.0,7429.720788831839,8665.905665307002,9956.975695460946,8577.423214462488,10394.372564036754,7429.720788831839,0.0
0.0,6901.9439290681,5211.218763398827,7534.109701882499,6078.995476227959,8248.979573256318,6901.9439290681,0.0,7529.7833302160825,8185.976484207611,8404.3031834888,9382.35642043085,5211.218763398827,7529.7833302160825,0.0,6832.493395532849,6524.047440048241,8731.867898680099,7534.109701882499,8185.976484207611,6832.493395532849,0.0,8406.3795417528,9614.96047833791,6078.995476227959,8404.3031834888,6524.047440048241,8406.3795417528,0.0,7407.728126760593,8248.979573256318,9382.35642043085,8731.867898680099,9614.96047833791,7407.728126760593,0.0
0.0,8776.686504598418,5540.296381963694,7627.9636207837275,6679.916840799741,8430.978175751614,8776.686504598418,0.0,9304.581452166454,10057.262599733587,9302.722450981755,9898.569543120864,5540.296381963694,9304.581452166454,0.0,7225.268091911884,7020.9124050938,8788.8136286987,7627.9636207837275,10057.262599733587,7225.268091911884,0.0,8342.866294026293,9352.497634322075,6679.916840799741,9302.722450981755,7020.9124050938,8342.866294026293,0.0,6996.446526630501,8430.978175751614,9898.569543120864,8788.8136286987,9352.497634322075,6996.446526630501,0.0
0.0,6778.351421990454,5221.584146597659,8468.891249744562,6142.059508015206,8218.222922262452,6778.351421990454,0.0,7515.955760912912,8694.03375884865,8389.70517956382,9328.534718807665,5221.584146597659,7515.955760912912,0.0,7587.613326995518,6507.126247430581,8703.159253972088,8468.891249744562,8694.03375884865,7587.613326995518,0.0,9204.140264033354,10708.585107286583,6142.059508015206,8389.70517956382,6507.126247430581,9204.140264033354,0.0,7477.40603418057,8218.222922262452,9328.534718807665,8703.159253972088,10708.585107286583,7477.40603418057,0.0
0.0,6205.414329438446,5673.356325844517,7502.721772796856,6398.091590466644,8179.393253781114,6205.414329438446,0.0,7483.642762719236,8115.501278417742,7801.047045108752,8898.403396115507,5673.356325844517,7483.642762719236,0.0,6822.452051865223,6623.972675064413,8570.419826356232,7502.721772796856,8115.501278417742,6822.452051865223,0.0,8389.260873283176,9522.584733148873,6398.091590466644,7801.047045108752,6623.972675064413,8389.260873283176,0.0,7821.573498983436,8179.393253781114,8898.403396115507,8570.419826356232,9522.584733148873,7821.573498983436,0.0
0.0,6134.608789482831,5130.04025325338,7342.314893819251,6423.721117856845,8457.925454861848,6134.608789482831,0.0,7133.2574606556855,7691.903210519487,7771.550681813766,8880.632972936108,5130.04025325338,7133.2574606556855,0.0,6778.938043676163,6577.352658935052,8906.18560327596,7342.314893819251,7691.903210519487,6778.938043676163,0.0,8350.201135302072,9587.538213743923,6423.721117856845,7771.550681813766,6577.352658935052,8350.201135302072,0.0,7839.07418002917,8457.925454861848,8880.632972936108,8906.18560327596,9587.538213743923,7839.07418002917,0.0
0.0,7665.15720647659,6263.750713430412,8189.3886829237745,6940.825023006992,8796.008185535073,7665.15720647659,0.0,8615.632420199923,9221.243517010056,9036.45854303554,9640.042271691551,6263.750713430412,8615.632420199923,0.0,6947.276588707261,7038.4325669853515,9112.359463936878,8189.3886829237745,9221.243517010056,6947.276588707261,0.0,8771.396411062495,9756.101936736824,6940.825023006992,9036.45854303554,7038.4325669853515,8771.396411062495,0.0,6880.7941402137585,8796.008185535073,9640.042271691551,9112.359463936878,9756.101936736824,6880.7941402137585,0.0
0.0,8113.877618007311,5582.215420422253,7541.198114358222,6308.308172561007,8192.709136787416,8113.877618007311,0.0,8602.082829175733,9415.59891881552,9190.465276578765,9253.902690216706,5582.215420422253,8602.082829175733,0.0,7201.662446963201,6508.073063511196,8472.804966479518,7541.198114358222,9415.59891881552,7201.662446963201,0.0,8660.55373518345,9342.807607994504,6308.308172561007,9190.465276578765,6508.073063511196,8660.55373518345,0.0,7792.72077005201,8192.709136787416,9253.902690216706,8472.804966479518,9342.807607994504,7792.72077005201,0.0
0.0,6362.697148222599,5732.632379631543,7914.807894067929,6372.669613278253,8200.131584310097,6362.697148222599,0.0,7398.443958022524,8471.766344747712,8095.232115263898,9023.675359851994,5732.632379631543,7398.443958022524,0.0,7651.530957919467,6791.648842512398,8826.790356635871,7914.807894067929,8471.766344747712,7651.530957919467,0.0,8703.262032134848,9806.03701808228,6372.669613278253,8095.232115263898,6791.648842512398,8703.262032134848,0.0,6830.913408908065,8200.131584310097,9023.675359851994,8826.790356635871,9806.03701808228,6830.913408908065,0.0
0.0,8044.39562677023,5325.571518625959,8303.794614512091,6448.990773756775,8462.19297818243,8044.39562677023,0.0,8235.13794662846,9034.440436463125,8999.668271664239,10142.257391724981,5325.571518625959,8235.13794662846,0.0,7526.843627975806,6702.875502349719,8840.786616585654,8303.794614512091,9034.440436463125,7526.843627975806,0.0,9222.292393976673,10740.737358300872,6448.990773756775,8999.668271664239,6702.875502349719,9222.292393976673,0.0,7725.454290849179,8462.19297818243,10142.257391724981,8840.786616585654,10740.737358300872,7725.454290849179,0.0
0.0,8124.12598375973,6704.1343960275735,8294.746469904912,6615.537846615345,8609.19078659545,8124.12598375973,0.0,9626.899137313116,10332.748037187397,9569.316590018328,10339.39432462076,6704.1343960275735,9626.899137313116,0.0,7644.039965881916,6606.324167038732,8608.922232196084,8294.746469904912,10332.748037187397,7644.039965881916,0.0,8838.302099385379,9699.86180313926,6615.537846615345,9569.316590018328,6606.324167038732,8838.302099385379,0.0,7207.89809861377,8609.19078659545,10339.39432462076,8608.922232196084,9699.86180313926,7207.89809861377,0.0
0.0,5722.075584960408,6278.79542587589,7985.343198635861,6260.581203051359,8384.88419717291,5722.075584960408,0.0,7003.173637715975,7996.705634197122,7511.2879055458925,8720.87105741164,6278.79542587589,7003.173637715975,0.0,7357.159370300469,6452.791256502878,8827.060609285516,7985.343198635861,7996.705634197122,7357.159370300469,0.0,8725.452022674814,9955.751151972412,6260.581203051359,7511.2879055458925,6452.791256502878,8725.452022674814,0.0,7688.748532758761,8384.88419717291,8720.87105741164,8827.060609285516,9955.751151972412,7688.748532758761,0.0
0.0,5979.796652061004,5976.658263611866,7555.436850374702,5927.777745496199,8077.481104898977,5979.796652061004,0.0,7094.863212212058,7482.063752735605,7457.572594349987,8548.48998361699,5976.658263611866,7094.863212212058,0.0,7655.828629221007,7112.524516653703,9411.595667048176,7555.436850374702,7482.063752735605,7655.828629221007,0.0,8384.264606988498,9379.143191144914,5927.777745496199,7457.572594349987,7112.524516653703,8384.264606988498,0.0,7035.293881566,8077.481104898977,8548.48998361699,9411.595667048176,9379.143191144914,7035.293881566,0.0
0.0,7611.385025079207,5906.247116401412,8416.293245841664,6346.65407911917,8255.609608018054,7611.385025079207,0.0,8568.4053942376,9315.059634806425,8981.472373725814,9489.330007961573,5906.247116401412,8568.4053942376,0.0,7034.52535712254,6862.071334517006,8966.318140686288,8416.293245841664,9315.059634806425,7034.52535712254,0.0,9228.456425643457,10614.417459286215,6346.65407911917,8981.472373725814,6862.071334517006,9228.456425643457,0.0,6994.8796987510805,8255.609608018054,9489.330007961573,8966.318140686288,10614.417459286215,6994.8796987510805,0.0
0.0,5954.251002435151,5511.378593419255,7551.252876178893,6640.935702143185,8521.567285423498,5954.251002435151,0.0,7206.090271430133,7890.113243800751,7888.765556156426,8978.248604265757,5511.378593419255,7206.090271430133,0.0,6894.656191573297,6552.132095737998,8610.976309339145,7551.252876178893,7890.113243800751,6894.656191573297,0.0,8420.18022372443,9475.039788834662,6640.935702143185,7888.765556156426,6552.132095737998,8420.18022372443,0.0,7773.894519479924,8521.567285423498,8978.248604265757,8610.976309339145,9475.039788834662,7773.894519479924,0.0
0.0,7547.985029131947,6310.0840723400825,8144.650759854593,6440.31808220681,8342.661805443153,7547.985029131947,0.0,8057.910337053894,8597.038792514548,8694.585729061506,9492.611442590494,6310.0840723400825,8057.910337053894,0.0,6754.981051046701,6882.04736978757,8674.55987356131,8144.650759854593,8597.038792514548,6754.981051046701,0.0,8696.77083750055,9566.107254259698,6440.31808220681,8694.585729061506,6882.04736978757,8696.77083750055,0.0,6786.879327054519,8342.661805443153,9492.611442590494,8674.55987356131,9566.107254259698,6786.879327054519,0.0
0.0,8865.209924192433,5911.504461640878,7876.002094971788,6280.87501865783,8379.168992209192,8865.209924192433,0.0,9602.113309058584,10576.076115459835,9785.688223114406,10995.47643351574,5911.504461640878,9602.113309058584,0.0,6891.13401407925,6833.219592549328,8811.665790303216,7876.002094971788,10576.076115459835,6891.13401407925,0.0,8368.941032173665,9495.37213594075,6280.87501865783,9785.688223114406,6833.219592549328,8368.941032173665,0.0,7449.686436354217,8379.168992209192,10995.47643351574,8811.665790303216,9495.37213594075,7449.686436354217,0.0
0.0,8585.993244814486,5908.925959935528,8263.72174023303,6181.489060089001,8436.604056135384,8585.993244814486,0.0,8932.652797461682,8985.180521280583,9143.423483575503,10378.57629928113,5908.925959935528,8932.652797461682,0.0,8419.399087820935,7089.525442510239,9486.883893038852,8263.72174023303,8985.180521280583,8419.399087820935,0.0,8749.594847762952,9779.424471818369,6181.489060089001,9143.423483575503,7089.525442510239,8749.594847762952,0.0,7169.95237083204,8436.604056135384,10378.57629928113,9486.883893038852,9779.424471818369,7169.95237083204,0.0
0.0,6062.2240143366525,5685.647192712541,8314.598366728245,6331.993761841526,8434.176604743347,6062.2240143366525,0.0,7536.420105063146,8836.019578973328,8057.043068024398,8811.85377772464,5685.647192712541,7536.420105063146,0.0,7867.996441280334,6616.635776586165,8598.040765197615,8314.598366728245,8836.019578973328,7867.996441280334,0.0,9033.555612271393,9909.042789291001,6331.993761841526,8057.043068024398,6616.635776586165,9033.555612271393,0.0,8021.233820304704,8434.176604743347,8811.85377772464,8598.040765197615,9909.042789291001,8021.233820304704,0.0
0.0,8115.962481431269,6539.451506051559,8183.596642063928,6427.611998246316,8688.902404791988,8115.962481431269,0.0,9544.989418537874,10272.02341313531,9518.197676030899,10666.779551486006,6539.451506051559,9544.989418537874,0.0,7155.132004372806,6576.367842510028,8787.329230204135,8183.596642063928,10272.02341313531,7155.132004372806,0.0,8400.802461669957,9619.354916001384,6427.611998246316,9518.197676030899,6576.367842510028,8400.802461669957,0.0,7657.6448729358035,8688.902404791988,10666.779551486006,8787.329230204135,9619.354916001384,7657.6448729358035,0.0
0.0,7783.8956185190455,6002.687064973486,7824.888114216074,6400.016953102547,8476.11792036897,7783.8956185190455,0.0,8586.765339753963,8831.181404546052,8979.337837502273,9972.621520944229,6002.687064973486,8586.765339753963,0.0,7814.418596415219,6846.021545394084,8808.687019073841,7824.888114216074,8831.181404546052,7814.418596415219,0.0,8682.804788776493,9657.320798233846,6400.016953102547,8979.337837502273,6846.021545394084,8682.804788776493,0.0,7495.2088696713445,8476.11792036897,9972.621520944229,8808.687019073841,9657.320798233846,7495.2088696713445,0.0
0.0,7639.939724893123,5260.47022612998,7382.738990374778,6605.203024888789,8467.748520120327,7639.939724893123,0.0,8485.364341028617,8979.055072779094,8867.086105367422,9108.01405356843,5260.47022612998,8485.364341028617,0.0,7066.9796943248675,6698.632845588718,8694.272712538985,7382.738990374778,8979.055072779094,7066.9796943248675,0.0,8428.377067976966,9482.800746614894,6605.203024888789,8867.086105367422,6698.632845588718,8428.377067976966,0.0,7847.049381774018,8467.748520120327,9108.01405356843,8694.272712538985,9482.800746614894,7847.049381774018,0.0
0.0,8937.100256794705,6091.465997606816,8111.07489794047,6464.839595844587,8865.229325855029,8937.100256794705,0.0,9394.195707989056,10559.365653295656,9967.796647203433,11039.328512187687,6091.465997606816,9394.195707989056,0.0,7070.125882896287,7080.43663907813,9403.125384679288,8111.07489794047,10559.365653295656,7070.125882896287,0.0,8841.98885997941,9888.321546147254,6464.839595844587,9967.796647203433,7080.43663907813,8841.98885997941,0.0,6953.207892764318,8865.229325855029,11039.328512187687,9403.125384679288,9888.321546147254,6953.207892764318,0.0
0.0,8118.660542232321,5678.3722139359625,8347.046783144324,6023.17026158152,8011.051866016098,8118.660542232321,0.0,8047.038585715865,9015.523334782069,8963.399410937795,9900.177624669166,5678.3722139359625,8047.038585715865,0.0,7893.175723370157,6554.678405536003,8499.540164032405,8347.046783144324,9015.523334782069,7893.175723370157,0.0,9163.851810237877,10243.240502887746,6023.17026158152,8963.399410937795,6554.678405536003,9163.851810237877,0.0,7559.828040372347,8011.051866016098,9900.177624669166,8499.540164032405,10243.240502887746,7559.828040372347,0.0
0.0,7893.226273204133,5706.921236533758,7899.161157996462,6655.383835662674,8852.681966500322,7893.226273204133,0.0,8307.853814313297,9040.136835247573,8932.900928589772,10425.187911975496,5706.921236533758,8307.853814313297,0.0,7107.476837809603,6627.780774889888,8665.922224437512,7899.161157996462,9040.136835247573,7107.476837809603,0.0,8717.06710998602,9802.013211580568,6655.383835662674,8932.900928589772,6627.780774889888,8717.06710998602,0.0,7618.037280034799,8852.681966500322,10425.187911975496,8665.922224437512,9802.013211580568,7618.037280034799,0.0
0.0,7392.06845206401,6466.285487047413,8359.138591984225,6754.283381677142,8601.013137997174,7392.06845206401,0.0,7436.1705198307545,8409.346823624293,8157.762806063927,8908.688399534469,6466.285487047413,7436.1705198307545,0.0,6964.024985595614,6838.191573800781,8776.930727765828,8359.138591984225,8409.346823624293,6964.024985595614,0.0,9149.811910635104,10197.822071403285,6754.283381677142,8157.762806063927,6838.191573800781,9149.811910635104,0.0,7593.273931579184,8601.013137997174,8908.688399534469,8776.930727765828,10197.822071403285,7593.273931579184,0.0
0.0,7776.556500148378,6029.392092076945,8170.0513462278805,6405.566095201891,8494.559553031575,7776.556500148378,0.0,8457.217154596421,9044.034940224414,8976.299571649779,10018.081103684477,6029.392092076945,8457.217154596421,0.0,7110.894880393043,6789.543578179611,8759.865467003474,8170.0513462278805,9044.034940224414,7110.894880393043,0.0,9165.679898403609,10322.84461764295,6405.566095201891,8976.299571649779,6789.543578179611,9165.679898403609,0.0,7395.839573706287,8494.559553031575,10018.081103684477,8759.865467003474,10322.84461764295,7395.839573706287,0.0
0.0,5590.677687007184,6019.994601326483,7629.0659323406035,6659.220224620898,8470.916597393696,5590.677687007184,0.0,7193.365971504578,7762.393316497174,7391.57703064779,8713.80324542619,6019.994601326483,7193.365971504578,0.0,7884.32609675678,7152.4411916491845,9066.57438065778,7629.0659323406035,7762.393316497174,7884.32609675678,0.0,8504.876424734224,9495.237174499645,6659.220224620898,7391.57703064779,7152.4411916491845,8504.876424734224,0.0,6975.613091334696,8470.916597393696,8713.80324542619,9066.57438065778,9495.237174499645,6975.613091334696,0.0
0.0,8470.173138726268,5307.941220473339,8068.867020840039,6324.510732064576,8113.48661180876,8470.173138726268,0.0,8398.312985356048,9243.607629059123,9041.942545714388,10097.418779074185,5307.941220473339,8398.312985356048,0.0,7330.166778457364,6569.51505059544,8447.455178928149,8068.867020840039,9243.607629059123,7330.166778457364,0.0,8811.570518358234,9735.89502819335,6324.510732064576,9041.942545714388,6569.51505059544,8811.570518358234,0.0,6924.282417694992,8113.48661180876,10097.418779074185,8447.455178928149,9735.89502819335,6924.282417694992,0.0
0.0,6489.782662000323,5535.445871833632,8274.642771745497,6685.72658729027,8597.12579877717,6489.782662000323,0.0,7161.769753350075,9041.56568299982,7710.460621778701,8929.28099009097,5535.445871833632,7161.769753350075,0.0,6986.032064054673,7003.06011683464,8969.87965359625,8274.642771745497,9041.56568299982,6986.032064054673,0.0,9171.20324712085,10583.69269206169,6685.72658729027,7710.460621778701,7003.06011683464,9171.20324712085,0.0,7749.797029600195,8597.12579877717,8929.28099009097,8969.87965359625,10583.69269206169,7749.797029600195,0.0
0.0,8056.901575667906,6364.203013732355,8835.231179771132,6909.309444510356,8634.05889486515,8056.901575667906,0.0,9214.713940215399,9922.03411604697,9692.566017314506,10137.143088661618,6364.203013732355,9214.713940215399,0.0,8239.762860665349,7067.102871757281,9008.51413941278,8835.231179771132,9922.03411604697,8239.762860665349,0.0,8658.719362584747,9545.005762177412,6909.309444510356,9692.566017314506,7067.102871757281,8658.719362584747,0.0,7908.719618244157,8634.05889486515,10137.143088661618,9008.51413941278,9545.005762177412,7908.719618244157,0.0
0.0,8147.311335649326,5455.402643251917,8072.257800640413,6419.572026233524,8352.25646157971,8147.311335649326,0.0,8185.5620454554,9244.020553849932,9169.902125977136,10365.776960749252,5455.402643251917,8185.5620454554,0.0,7822.033111666045,6576.274249147461,8589.480193818483,8072.257800640413,9244.020553849932,7822.033111666045,0.0,9130.013855411173,10241.07738472862,6419.572026233524,9169.902125977136,6576.274249147461,9130.013855411173,0.0,7424.810771999512,8352.25646157971,10365.776960749252,8589.480193818483,10241.07738472862,7424.810771999512,0.0
0.0,7368.594099283798,6336.5047147461355,8402.800842576242,6602.904285236914,8546.478397562356,7368.594099283798,0.0,7224.930380287411,8742.42946783101,7779.219241029269,8882.992964085923,6336.5047147461355,7224.930380287411,0.0,6778.753720264514,7141.485629755198,9091.298642108288,8402.800842576242,8742.42946783101,6778.753720264514,0.0,9242.557600577884,10348.520135748879,6602.904285236914,7779.219241029269,7141.485629755198,9242.557600577884,0.0,7001.9093110379545,8546.478397562356,8882.992964085923,9091.298642108288,10348.520135748879,7001.9093110379545,0.0
0.0,7955.706316852074,6627.529177604577,8777.647179056583,6586.02444574874,8837.111632202006,7955.706316852074,0.0,9069.303832158232,9403.90626282504,9269.312326165302,10297.825644280447,6627.529177604577,9069.303832158232,0.0,7209.370083440022,6517.761348806813,8746.086153245918,8777.647179056583,9403.90626282504,7209.370083440022,0.0,8835.978836552293,9789.070742414726,6586.02444574874,9269.312326165302,6517.761348806813,8835.978836552293,0.0,7572.190436062738,8837.111632202006,10297.825644280447,8746.086153245918,9789.070742414726,7572.190436062738,0.0
0.0,5590.897065766817,5978.411996508772,7994.23573582866,6360.050707345029,8223.211051651295,5590.897065766817,0.0,6765.665968698129,7932.008888043431,7351.321445835436,8524.65096059657,5978.411996508772,6765.665968698129,0.0,7805.814691625725,7024.891956464527,8919.812441974327,7994.23573582866,7932.008888043431,7805.814691625725,0.0,8529.168071975133,9625.933669000633,6360.050707345029,7351.321445835436,7024.891956464527,8529.168071975133,0.0,7635.020825118947,8223.211051651295,8524.65096059657,8919.812441974327,9625.933669000633,7635.020825118947,0.0
0.0,6477.293261849428,6280.143947394837,8068.519938625671,6418.270795159706,8297.404353169732,6477.293261849428,0.0,7558.6878490912695,8287.542217087042,7982.8721648288965,8747.001486223722,6280.143947394837,7558.6878490912695,0.0,7052.8760091185495,7086.589024347327,9168.408204263158,8068.519938625671,8287.542217087042,7052.8760091185495,0.0,8811.657165369066,9589.352376464221,6418.270795159706,7982.8721648288965,7086.589024347327,8811.657165369066,0.0,7632.666047980876,8297.404353169732,8747.001486223722,9168.408204263158,9589.352376464221,7632.666047980876,0.0
0.0,8796.278474445884,5652.849458458982,8414.194851558883,6114.495400276298,8174.86911210204,8796.278474445884,0.0,9008.865411360079,9739.945585063604,9551.842178344448,10408.10943447464,5652.849458458982,9008.865411360079,0.0,7933.731782711085,6526.338866470235,8704.416120567766,8414.194851558883,9739.945585063604,7933.731782711085,0.0,9274.889163758238,10628.807647144622,6114.495400276298,9551.842178344448,6526.338866470235,9274.889163758238,0.0,6966.365551706284,8174.86911210204,10408.10943447464,8704.416120567766,10628.807647144622,6966.365551706284,0.0
0.0,5622.968877737098,6284.430364002771,8360.856654673611,6339.909463075952,8309.570325835146,5622.968877737098,0.0,7397.721405946563,8394.33981918769,7486.785491784842,8694.938527672291,6284.430364002771,7397.721405946563,0.0,8395.114710353873,7165.997557911948,9231.475721681772,8360.856654673611,8394.33981918769,8395.114710353873,0.0,8782.881531707006,9537.496788990285,6339.909463075952,7486.785491784842,7165.997557911948,8782.881531707006,0.0,7266.7911074971735,8309.570325835146,8694.938527672291,9231.475721681772,9537.496788990285,7266.7911074971735,0.0
0.0,8538.046556443693,6055.464474340511,8314.679488711516,6352.162072869362,8483.570474747057,8538.046556443693,0.0,9517.529143638068,10469.114862298531,9723.580101999469,10935.15573734549,6055.464474340511,9517.529143638068,0.0,7776.651271594991,6992.369769970693,9085.961258997311,8314.679488711516,10469.114862298531,7776.651271594991,0.0,8569.709796720073,9722.420120525547,6352.162072869362,9723.580101999469,6992.369769970693,8569.709796720073,0.0,7590.162646478664,8483.570474747057,10935.15573734549,9085.961258997311,9722.420120525547,7590.162646478664,0.0
0.0,8279.566896885368,6174.396974604078,7788.562896966295,6277.744340127272,8274.11953019776,8279.566896885368,0.0,8716.996271652295,9488.153350362756,9205.168982696625,9951.29157446409,6174.396974604078,8716.996271652295,0.0,7196.067259274332,7050.837822556976,9394.214389718813,7788.562896966295,9488.153350362756,7196.067259274332,0.0,8667.17358773897,9819.945010029332,6277.744340127272,9205.168982696625,7050.837822556976,8667.17358773897,0.0,7518.127426427408,8274.11953019776,9951.29157446409,9394.214389718813,9819.945010029332,7518.127426427408,0.0
0.0,6068.292428682059,5720.491062837175,7924.236366994614,6585.372047196726,8557.776288265544,6068.292428682059,0.0,6698.041430149563,8523.227850996358,7562.499057851181,8747.258770609224,5720.491062837175,6698.041430149563,0.0,6897.954769350115,6884.276505196461,8712.204141318085,7924.236366994614,8523.227850996358,6897.954769350115,0.0,8945.926950294195,9777.320747525879,6585.372047196726,7562.499057851181,6884.276505196461,8945.926950294195,0.0,8081.425121845775,8557.776288265544,8747.258770609224,8712.204141318085,9777.320747525879,8081.425121845775,0.0
0.0,8112.0215113127015,5257.2670656910705,7327.0770434055075,6513.80556971115,8317.518740586042,8112.0215113127015,0.0,8436.207915882585,8931.05116993515,9026.837541464896,9714.527832066775,5257.2670656910705,8436.207915882585,0.0,6948.066133824576,6777.945116331351,8644.630761345448,7327.0770434055075,8931.05116993515,6948.066133824576,0.0,8530.632039890128,9338.422136528205,6513.80556971115,9026.837541464896,6777.945116331351,8530.632039890128,0.0,7871.598376441725,8317.518740586042,9714.527832066775,8644.630761345448,9338.422136528205,7871.598376441725,0.0
0.0,8252.509375941356,6561.278305330448,8683.402155837308,6455.040278727934,8626.228666108962,8252.509375941356,0.0,9852.078156409438,10390.684385544582,9696.810300299785,10910.041154826136,6561.278305330448,9852.078156409438,0.0,6924.80714532903,6645.914835445908,8630.357582394834,8683.402155837308,10390.684385544582,6924.80714532903,0.0,8759.931620737687,9801.864720551901,6455.040278727934,9696.810300299785,6645.914835445908,8759.931620737687,0.0,7372.470413640193,8626.228666108962,10910.041154826136,8630.357582394834,9801.864720551901,7372.470413640193,0.0
0.0,8029.938355927771,5847.506306110324,7684.0624021412,6340.385713818994,8310.734143263157,8029.938355927771,0.0,9061.917898546642,9410.415134307306,9073.950242314535,10031.063652474746,5847.506306110324,9061.917898546642,0.0,7399.696412691537,6892.596535413922,8906.502680626105,7684.0624021412,9410.415134307306,7399.696412691537,0.0,8556.225102228202,9679.646636112291,6340.385713818994,9073.950242314535,6892.596535413922,8556.225102228202,0.0,7805.81302620041,8310.734143263157,10031.063652474746,8906.502680626105,9679.646636112291,7805.81302620041,0.0
0.0,5921.439267610536,5363.626944521776,8101.768202065522,6054.901815884383,8426.023676681665,5921.439267610536,0.0,6666.7490578242105,8013.603122191665,7519.088043107356,8864.5886537391,5363.626944521776,6666.7490578242105,0.0,6919.634383404949,6668.982231195402,8734.689633867938,8101.768202065522,8013.603122191665,6919.634383404949,0.0,8887.94801964998,9677.437419069161,6054.901815884383,7519.088043107356,6668.982231195402,8887.94801964998,0.0,8284.093975806889,8426.023676681665,8864.5886537391,8734.689633867938,9677.437419069161,8284.093975806889,0.0
0.0,8322.007089638893,5464.089219622974,7901.713485061326,6619.389851036121,8345.037687152766,8322.007089638893,0.0,8148.6415432266995,9010.396439669012,9155.214579680805,9813.301788898576,5464.089219622974,8148.6415432266995,0.0,6786.2159558917665,6546.728266852077,8514.450951177063,7901.713485061326,9010.396439669012,6786.2159558917665,0.0,8657.530594805889,9508.778154947144,6619.389851036121,9155.214579680805,6546.728266852077,8657.530594805889,0.0,7430.219512235153,8345.037687152766,9813.301788898576,8514.450951177063,9508.778154947144,7430.219512235153,0.0
0.0,9586.43192225345,5365.913435753507,7488.237910216261,6585.716134180094,8286.544575394499,9586.43192225345,0.0,9805.71517024638,10611.4369432231,9979.043741762032,11084.432867765496,5365.913435753507,9805.71517024638,0.0,7003.64333757795,6475.795858425434,8627.24498319133,7488.237910216261,10611.4369432231,7003.64333757795,0.0,8546.491443861627,9549.839370376865,6585.716134180094,9979.043741762032,6475.795858425434,8546.491443861627,0.0,6826.084675712717,8286.544575394499,11084.432867765496,8627.24498319133,9549.839370376865,6826.084675712717,0.0
0.0,7992.176299356765,6449.819299794375,8251.224212200272,6741.981681968588,8615.545600831094,7992.176299356765,0.0,8771.748799412806,9703.435834795839,9483.11662904132,10271.490933647365,6449.819299794375,8771.748799412806,0.0,7743.7161621536725,6642.356509552917,8684.29185368617,8251.224212200272,9703.435834795839,7743.7161621536725,0.0,9083.414996574802,10214.299143847315,6741.981681968588,9483.11662904132,6642.356509552917,9083.414996574802,0.0,7023.819829693812,8615.545600831094,10271.490933647365,8684.29185368617,10214.299143847315,7023.819829693812,0.0
0.0,6048.189150481324,5909.596771354201,7854.143683432332,6312.88832468942,8210.774384916444,6048.189150481324,0.0,6871.48208176373,8186.4778140541,7768.422812900956,8697.394782347183,5909.596771354201,6871.48208176373,0.0,7732.780159813157,6902.819496408696,8904.911453798964,7854.143683432332,8186.4778140541,7732.780159813157,0.0,8609.99012775276,9697.500244908479,6312.88832468942,7768.422812900956,6902.819496408696,8609.99012775276,0.0,6848.0218311567905,8210.774384916444,8697.394782347183,8904.911453798964,9697.500244908479,6848.0218311567905,0.0
0.0,6441.753177513091,5979.298453832189,7717.997214303721,5973.873366585535,8286.32644782958,6441.753177513091,0.0,7658.3589625976665,8021.457660550232,7772.715162669992,8923.02067687843,5979.298453832189,7658.3589625976665,0.0,7510.455578724902,7180.248115490161,9516.096573700794,7717.997214303721,8021.457660550232,7510.455578724902,0.0,8510.704788676436,9691.5523524356,5973.873366585535,7772.715162669992,7180.248115490161,8510.704788676436,0.0,7648.226526456967,8286.32644782958,8923.02067687843,9516.096573700794,9691.5523524356,7648.226526456967,0.0
0.0,7191.898636660559,6124.253995385887,8353.416546539505,6476.9296738501025,8617.288146511059,7191.898636660559,0.0,7691.3302490531505,8763.965312573984,8609.662362717832,9396.444061452183,6124.253995385887,7691.3302490531505,0.0,7538.036415406867,6637.507438790559,8660.401376379734,8353.416546539505,8763.965312573984,7538.036415406867,0.0,9227.538458332212,10566.94927592633,6476.9296738501025,8609.662362717832,6637.507438790559,9227.538458332212,0.0,6920.4697094922685,8617.288146511059,9396.444061452183,8660.401376379734,10566.94927592633,6920.4697094922685,0.0
0.0,9198.966354977063,5492.112344080372,7427.780893375894,6618.902476997225,8486.298486383801,9198.966354977063,0.0,9575.619562200662,10353.637380167416,9692.905240432303,10267.385451028904,5492.112344080372,9575.619562200662,0.0,6790.806800373575,6479.198561550649,8613.331991743962,7427.780893375894,10353.637380167416,6790.806800373575,0.0,8391.430211829209,9406.98756244527,6618.902476997225,9692.905240432303,6479.198561550649,8391.430211829209,0.0,7985.265055087401,8486.298486383801,10267.385451028904,8613.331991743962,9406.98756244527,7985.265055087401,0.0
0.0,7927.8681245338585,6826.283176077593,8410.483101463316,6804.309810700862,9110.570344385691,7927.8681245338585,0.0,9071.277363194227,9639.628571682624,9066.373641098187,10188.554804288977,6826.283176077593,9071.277363194227,0.0,7036.40405320786,6683.243075034755,8790.733302745568,8410.483101463316,9639.628571682624,7036.40405320786,0.0,8874.013409951554,10160.882934076153,6804.309810700862,9066.373641098187,6683.243075034755,8874.013409951554,0.0,7699.017469781453,9110.570344385691,10188.554804288977,8790.733302745568,10160.882934076153,7699.017469781453,0.0
0.0,7153.726441512843,6200.373779055582,8130.828986025964,6367.385413181772,8434.805451224112,7153.726441512843,0.0,7519.167041634332,7988.160363938621,8268.95646378671,9113.81539202984,6200.373779055582,7519.167041634332,0.0,6933.551110361847,6995.058398612552,8898.635738134246,8130.828986025964,7988.160363938621,6933.551110361847,0.0,8774.597939506972,9598.989582242497,6367.385413181772,8268.95646378671,6995.058398612552,8774.597939506972,0.0,8162.383352918436,8434.805451224112,9113.81539202984,8898.635738134246,9598.989582242497,8162.383352918436,0.0
0.0,7131.477336428968,5583.080959470318,7448.274229645415,6270.822912505184,8231.696180010533,7131.477336428968,0.0,7912.9180458286055,8515.4654599734,8438.072587978844,8966.389072530814,5583.080959470318,7912.9180458286055,0.0,7402.262491968249,6982.640976020462,8759.373322333055,7448.274229645415,8515.4654599734,7402.262491968249,0.0,8444.749670653358,9370.17475824224,6270.822912505184,8438.072587978844,6982.640976020462,8444.749670653358,0.0,6934.068214259217,8231.696180010533,8966.389072530814,8759.373322333055,9370.17475824224,6934.068214259217,0.0
0.0,7248.591932230701,5923.276289352034,7735.723366305184,6073.165155007725,8170.13121069668,7248.591932230701,0.0,8103.164381894273,8469.62661514662,8258.67943438901,8917.918535174002,5923.276289352034,8103.164381894273,0.0,7960.683262132718,7205.942061937495,9216.71101857924,7735.723366305184,8469.62661514662,7960.683262132718,0.0,8478.685334413585,9453.365220914719,6073.165155007725,8258.67943438901,7205.942061937495,8478.685334413585,0.0,7426.965935023534,8170.13121069668,8917.918535174002,9216.71101857924,9453.365220914719,7426.965935023534,0.0
0.0,7281.968071888258,6514.018421834559,8205.502909633266,6564.811573838201,8736.554068967924,7281.968071888258,0.0,7440.802846467577,7787.085783526466,8162.66966133017,9120.517858104331,6514.018421834559,7440.802846467577,0.0,6725.805974007873,6608.753815962583,8796.44888577203,8205.502909633266,7787.085783526466,6725.805974007873,0.0,8448.130384883983,9634.439838413025,6564.811573838201,8162.66966133017,6608.753815962583,8448.130384883983,0.0,7435.749323370174,8736.554068967924,9120.517858104331,8796.44888577203,9634.439838413025,7435.749323370174,0.0
0.0,7585.867913429551,5771.163574185019,7976.50575126728,6643.190649078198,8647.5335790039,7585.867913429551,0.0,8019.837217799373,8603.434198039757,8454.122426366914,9254.62581631478,5771.163574185019,8019.837217799373,0.0,7048.435925792332,6595.6824514222935,8558.272489235196,7976.50575126728,8603.434198039757,7048.435925792332,0.0,8482.014972870538,9496.564694667224,6643.190649078198,8454.122426366914,6595.6824514222935,8482.014972870538,0.0,7247.90142041129,8647.5335790039,9254.62581631478,8558.272489235196,9496.564694667224,7247.90142041129,0.0
0.0,7412.830498534281,5655.046860990632,7606.46777420374,6671.154997449842,8287.437661907328,7412.830498534281,0.0,7703.340119714305,8321.709680107808,8257.369617499267,9528.425001016694,5655.046860990632,7703.340119714305,0.0,6805.63817727625,6647.261541416887,8573.995567995122,7606.46777420374,8321.709680107808,6805.63817727625,0.0,8321.10563567126,9383.100713516827,6671.154997449842,8257.369617499267,6647.261541416887,8321.10563567126,0.0,7709.954733978663,8287.437661907328,9528.425001016694,8573.995567995122,9383.100713516827,7709.954733978663,0.0
0.0,8092.213232484671,6413.720137330596,8918.845272791765,7037.0644447809345,8772.76626840132,8092.213232484671,0.0,9389.381289520625,10403.1019412481,9854.595121059008,10355.45735349241,6413.720137330596,9389.381289520625,0.0,7826.816019301847,7096.495191289852,8939.089439087182,8918.845272791765,10403.1019412481,7826.816019301847,0.0,8531.547397746788,9487.715794647309,7037.0644447809345,9854.595121059008,7096.495191289852,8531.547397746788,0.0,8130.838948103695,8772.76626840132,10355.45735349241,8939.089439087182,9487.715794647309,8130.838948103695,0.0
