23Skel_23Skel,23Skel_23Bulge,23Skel_31Skel,23Skel_31Bulge,23Skel_26Skel,23Skel_26Bulge,23Bulge_23Skel,23Bulge_23Bulge,23Bulge_31Skel,23Bulge_31Bulge,23Bulge_26Skel,23Bulge_26Bulge,31Skel_23Skel,31Skel_23Bulge,31Skel_31Skel,31Skel_31Bulge,31Skel_26Skel,31Skel_26Bulge,31Bulge_23Skel,31Bulge_23Bulge,31Bulge_31Skel,31Bulge_31Bulge,31Bulge_26Skel,31Bulge_26Bulge,26Skel_23Skel,26Skel_23Bulge,26Skel_31Skel,26Skel_31Bulge,26Skel_26Skel,26Skel_26Bulge,26Bulge_23Skel,26Bulge_23Bulge,26Bulge_31Skel,26Bulge_31Bulge,26Bulge_26Skel,26Bulge_26Bulge
0.0,358.08036762505793,369.40386645500575,402.4851784122363,424.70448708864774,438.88059582294886,358.08036762505793,0.0,443.2684311427312,444.53164207839336,447.12921589701324,443.11146770217437,369.40386645500575,443.2684311427312,0.0,318.6978677686216,456.9764271209204,458.3187706176146,402.4851784122363,444.53164207839336,318.6978677686216,0.0,469.1749748637574,463.4841479485547,424.70448708864774,447.12921589701324,456.9764271209204,469.1749748637574,0.0,333.87260194285665,438.88059582294886,443.11146770217437,458.3187706176146,463.4841479485547,333.87260194285665,0.0
0.0,354.4374459164803,370.70075883900944,402.94287391087516,425.8018378217005,438.68173227158627,354.4374459164803,0.0,441.39310461701973,443.11579494076017,445.2777826331846,442.3276337917565,370.70075883900944,441.39310461701973,0.0,319.2315358786042,456.3841150725184,457.57634983094096,402.94287391087516,443.11579494076017,319.2315358786042,0.0,468.40103887389427,462.82843078342154,425.8018378217005,445.2777826331846,456.3841150725184,468.40103887389427,0.0,334.53852131118055,438.68173227158627,442.3276337917565,457.57634983094096,462.82843078342154,334.53852131118055,0.0
0.0,351.658640655229,371.2981809119838,402.58656035135596,426.2154691524275,438.81671171458856,351.658640655229,0.0,438.6235053416296,442.4052180900524,443.811932814474,440.0328783226542,371.2981809119838,438.6235053416296,0.0,319.67376314609015,455.4548656283492,456.50489166695723,402.58656035135596,442.4052180900524,319.67376314609015,0.0,469.0322207607966,462.0842263712754,426.2154691524275,443.811932814474,455.4548656283492,469.0322207607966,0.0,334.26256649738957,438.81671171458856,440.0328783226542,456.50489166695723,462.0842263712754,334.26256649738957,0.0
0.0,346.7796341888661,372.019065417601,403.0896578290677,425.54865845456317,438.58653184697516,346.7796341888661,0.0,436.70302246344323,440.50804042662725,442.5952581180718,437.9042313346669,372.019065417601,436.70302246344323,0.0,319.82491910384255,456.134979620916,456.7378847072653,403.0896578290677,440.50804042662725,319.82491910384255,0.0,468.3900202496266,461.6964369578325,425.54865845456317,442.5952581180718,456.134979620916,468.3900202496266,0.0,334.2693498843582,438.58653184697516,437.9042313346669,456.7378847072653,461.6964369578325,334.2693498843582,0.0
0.0,344.68328085042043,371.9521691229114,402.7964596622998,426.79205119635935,438.00703061919523,344.68328085042043,0.0,435.70294143458585,440.16793889322895,440.65075219984004,436.95004601662384,371.9521691229114,435.70294143458585,0.0,319.9709823187057,456.5388923851374,455.1940978595138,402.7964596622998,440.16793889322895,319.9709823187057,0.0,468.7164792723834,461.1352271574917,426.79205119635935,440.65075219984004,456.5388923851374,468.7164792723834,0.0,334.9380734697107,438.00703061919523,436.95004601662384,455.1940978595138,461.1352271574917,334.9380734697107,0.0
0.0,345.03671662304754,374.682870922748,402.8569970307893,427.45856148560347,437.7924493062783,345.03671662304754,0.0,437.04814700912084,441.63331639523875,439.7496519634394,436.459883217873,374.682870922748,437.04814700912084,0.0,319.7949866556561,453.66959757170673,454.4726533140142,402.8569970307893,441.63331639523875,319.7949866556561,0.0,467.64211192844914,459.1912609053064,427.45856148560347,439.7496519634394,453.66959757170673,467.64211192844914,0.0,333.65007107155395,437.7924493062783,436.459883217873,454.4726533140142,459.1912609053064,333.65007107155395,0.0
0.0,343.28271222712203,373.8885009679099,402.6998637734768,426.2538140775427,436.8477462083665,343.28271222712203,0.0,437.96879407162004,441.3884737395276,440.1498584960063,435.8311036997726,373.8885009679099,437.96879407162004,0.0,321.2684383032397,454.9375992387996,453.4843169450805,402.6998637734768,441.3884737395276,321.2684383032397,0.0,467.30814330936363,459.50819158995205,426.2538140775427,440.1498584960063,454.9375992387996,467.30814330936363,0.0,333.17890708964325,436.8477462083665,435.8311036997726,453.4843169450805,459.50819158995205,333.17890708964325,0.0
0.0,342.4814571653619,374.2012404607409,403.02960271359893,427.5324594357156,438.1954765616311,342.4814571653619,0.0,436.9084834136043,441.0270088983697,439.8484936072499,435.68063591757607,374.2012404607409,436.9084834136043,0.0,319.0739653651943,453.63791534853414,452.80730059210083,403.02960271359893,441.0270088983697,319.0739653651943,0.0,466.43489373977536,459.1394244490329,427.5324594357156,439.8484936072499,453.63791534853414,466.43489373977536,0.0,333.6116410029016,438.1954765616311,435.68063591757607,452.80730059210083,459.1394244490329,333.6116410029016,0.0
0.0,341.08603259506583,374.7895123196492,401.89202785383065,427.8046893246528,437.0115080736386,341.08603259506583,0.0,437.4482756473263,441.73147238982864,439.3138009270499,433.67378541111384,374.7895123196492,437.4482756473263,0.0,320.88962554283415,453.8027301351066,452.6221431890891,401.89202785383065,441.73147238982864,320.88962554283415,0.0,466.0757116741609,457.8954294191977,427.8046893246528,439.3138009270499,453.8027301351066,466.0757116741609,0.0,333.5126723529067,437.0115080736386,433.67378541111384,452.6221431890891,457.8954294191977,333.5126723529067,0.0
0.0,339.7839671329214,373.2454434916091,402.784440512253,425.9516344355324,436.17356380627666,339.7839671329214,0.0,434.45582217425005,440.74544549180564,437.4820367466006,433.2678912477879,373.2454434916091,434.45582217425005,0.0,320.55161003421506,451.82792349507884,451.6172496177306,402.784440512253,440.74544549180564,320.55161003421506,0.0,465.3794023507866,457.49334129335915,425.9516344355324,437.4820367466006,451.82792349507884,465.3794023507866,0.0,334.12147859245675,436.17356380627666,433.2678912477879,451.6172496177306,457.49334129335915,334.12147859245675,0.0
0.0,336.5406233133348,374.71871357227843,402.170794457868,426.0307518056515,435.01989610302326,336.5406233133348,0.0,434.6786661357696,440.1448407368785,437.16336985222955,431.99021279400716,374.71871357227843,434.6786661357696,0.0,319.5666187392158,453.01000310785105,452.5374705958888,402.170794457868,440.1448407368785,319.5666187392158,0.0,464.85116556768355,455.6407878053282,426.0307518056515,437.16336985222955,453.01000310785105,464.85116556768355,0.0,334.4587855692126,435.01989610302326,431.99021279400716,452.5374705958888,455.6407878053282,334.4587855692126,0.0
0.0,336.8314968110161,373.0099590570455,401.41266776956616,424.81957836194925,433.26193549949113,336.8314968110161,0.0,434.3939152811498,439.0474416048247,435.5556661351348,430.6224368567705,373.0099590570455,434.3939152811498,0.0,319.3917956578477,452.247159960308,450.4059847589586,401.41266776956616,439.0474416048247,319.3917956578477,0.0,463.2080082212998,454.3342897204368,424.81957836194925,435.5556661351348,452.247159960308,463.2080082212998,0.0,334.8872025089153,433.26193549949113,430.6224368567705,450.4059847589586,454.3342897204368,334.8872025089153,0.0
0.0,335.66472766871226,372.7637144400872,401.1487538410952,425.0328702175655,431.355591509235,335.66472766871226,0.0,433.0545509467322,438.2397814535938,434.9062197720694,429.21693926619537,372.7637144400872,433.0545509467322,0.0,319.13053298378594,451.2505197409948,450.0396942769236,401.1487538410952,438.2397814535938,319.13053298378594,0.0,462.61846982977784,454.3959060042606,425.0328702175655,434.9062197720694,451.2505197409948,462.61846982977784,0.0,334.4734263774036,431.355591509235,429.21693926619537,450.0396942769236,454.3959060042606,334.4734263774036,0.0
0.0,334.40451181743083,371.6863441181235,400.17058170913936,423.7190208967813,430.4437617700175,334.40451181743083,0.0,429.85954121123393,436.0112406087035,433.5528552031225,428.81515570019025,371.6863441181235,429.85954121123393,0.0,318.2704218398418,451.39371743304525,448.86462134188866,400.17058170913936,436.0112406087035,318.2704218398418,0.0,463.06995160217843,454.3808526599545,423.7190208967813,433.5528552031225,451.39371743304525,463.06995160217843,0.0,333.95993628766774,430.4437617700175,428.81515570019025,448.86462134188866,454.3808526599545,333.95993628766774,0.0
0.0,333.4718403545974,371.11332022169904,400.15201099330534,422.82730629950487,429.4450795812525,333.4718403545974,0.0,428.15963094706626,435.35087672129777,432.2852241911041,427.5585826799586,371.11332022169904,428.15963094706626,0.0,318.28718116387597,450.19885901741924,448.32630810429947,400.15201099330534,435.35087672129777,318.28718116387597,0.0,462.4932034479745,454.04718132093535,422.82730629950487,432.2852241911041,450.19885901741924,462.4932034479745,0.0,332.40964960639576,429.4450795812525,427.5585826799586,448.32630810429947,454.04718132093535,332.40964960639576,0.0
0.0,332.5273582979649,370.41042935463776,398.6586398321071,422.645818685709,427.216723818842,332.5273582979649,0.0,426.5987234816189,435.2840050297532,430.5011308324857,426.0785018775758,370.41042935463776,426.5987234816189,0.0,318.35367903835726,450.15887713670986,447.59580906681475,398.6586398321071,435.2840050297532,318.35367903835726,0.0,461.8200630373236,452.95587866196286,422.645818685709,430.5011308324857,450.15887713670986,461.8200630373236,0.0,333.4189740536918,427.216723818842,426.0785018775758,447.59580906681475,452.95587866196286,333.4189740536918,0.0
0.0,332.22902647016474,371.41128154093104,399.65020846799297,420.38014160770064,426.4856615537333,332.22902647016474,0.0,425.1558663287513,433.83264292597806,429.4708922384474,425.4039095101413,371.41128154093104,425.1558663287513,0.0,316.16176769830724,448.7705500222731,446.178068811231,399.65020846799297,433.83264292597806,316.16176769830724,0.0,461.20458023342024,453.057580546584,420.38014160770064,429.4708922384474,448.7705500222731,461.20458023342024,0.0,332.900785833266,426.4856615537333,425.4039095101413,446.178068811231,453.057580546584,332.900785833266,0.0
0.0,331.088560505351,370.9419087178941,400.3416585591597,421.5218535471621,424.15385665242485,331.088560505351,0.0,422.2200814950741,431.55688371558267,427.18462186392014,421.3579781704851,370.9419087178941,422.2200814950741,0.0,317.1660003815293,449.0067419226341,444.6504642115133,400.3416585591597,431.55688371558267,317.1660003815293,0.0,461.61809494274655,452.86906007669364,421.5218535471621,427.18462186392014,449.0067419226341,461.61809494274655,0.0,332.7064794437076,424.15385665242485,421.3579781704851,444.6504642115133,452.86906007669364,332.7064794437076,0.0
0.0,329.106833308215,371.5163596040805,399.1599932818466,418.4965009302567,422.1263938225981,329.106833308215,0.0,419.9563918540489,429.9565220683411,425.68569255564245,421.535690025967,371.5163596040805,419.9563918540489,0.0,316.5048644870315,448.94627096138197,444.9403301858024,399.1599932818466,429.9565220683411,316.5048644870315,0.0,459.79943123932543,451.1795288827001,418.4965009302567,425.68569255564245,448.94627096138197,459.79943123932543,0.0,331.9080234724046,422.1263938225981,421.535690025967,444.9403301858024,451.1795288827001,331.9080234724046,0.0
0.0,330.70466235458815,368.5697614276918,399.1344225791356,417.2659478105693,419.31130948273153,330.70466235458815,0.0,417.7246141368639,429.38270468720964,424.58310949522496,419.902649623905,368.5697614276918,417.7246141368639,0.0,317.2230035969725,448.5411392205267,443.56891161912364,399.1344225791356,429.38270468720964,317.2230035969725,0.0,459.2022763753918,450.97303903621776,417.2659478105693,424.58310949522496,448.5411392205267,459.2022763753918,0.0,330.86390700383436,419.31130948273153,419.902649623905,443.56891161912364,450.97303903621776,330.86390700383436,0.0
0.0,331.016045741974,368.79625682111697,398.73292754022816,415.67577626655833,419.01563538939155,331.016045741974,0.0,416.63843893388685,427.2909227793399,422.8182968083361,418.6883592784923,368.79625682111697,416.63843893388685,0.0,314.75492136460787,447.7453416111617,442.5784560591133,398.73292754022816,427.2909227793399,314.75492136460787,0.0,458.1370887738765,449.64062876234345,415.67577626655833,422.8182968083361,447.7453416111617,458.1370887738765,0.0,331.12726547287116,419.01563538939155,418.6883592784923,442.5784560591133,449.64062876234345,331.12726547287116,0.0
0.0,330.081115247191,368.75045877603736,398.6260774379539,415.159229433993,417.29805079485016,330.081115247191,0.0,416.0532127802599,426.60765989532894,422.96994420769045,417.8552507493546,368.75045877603736,416.0532127802599,0.0,315.289098622181,446.65843843689925,441.6173163246912,398.6260774379539,426.60765989532894,315.289098622181,0.0,457.7375941727621,449.67354746279506,415.159229433993,422.96994420769045,446.65843843689925,457.7375941727621,0.0,331.9820526917747,417.29805079485016,417.8552507493546,441.6173163246912,449.67354746279506,331.9820526917747,0.0
0.0,333.0748236440664,368.2426912440323,399.5123269804622,414.36115700351337,415.3884909377739,333.0748236440664,0.0,415.137081249528,425.4415304258219,421.7446694304651,417.8354993395136,368.2426912440323,415.137081249528,0.0,314.730876195719,444.55107614206656,440.37902105764874,399.5123269804622,425.4415304258219,314.730876195719,0.0,456.09647749143363,448.5463885086878,414.36115700351337,421.7446694304651,444.55107614206656,456.09647749143363,0.0,330.1685247733483,415.3884909377739,417.8354993395136,440.37902105764874,448.5463885086878,330.1685247733483,0.0
0.0,334.2864951164456,371.3924865546031,401.1516087280053,414.3342133363708,414.85993015048604,334.2864951164456,0.0,414.8420975758786,425.29697602960624,422.14120739407286,416.24122022508595,371.3924865546031,414.8420975758786,0.0,315.3287236010048,444.0473897559615,439.85854453870536,401.1516087280053,425.29697602960624,315.3287236010048,0.0,455.94567263489364,448.2896507393609,414.3342133363708,422.14120739407286,444.0473897559615,455.94567263489364,0.0,332.09696637997797,414.85993015048604,416.24122022508595,439.85854453870536,448.2896507393609,332.09696637997797,0.0
0.0,334.47817464971496,370.4086488246001,403.89007730632875,414.4838947856818,413.5557672194421,334.47817464971496,0.0,414.5595620843205,425.9090234844847,420.7631466952303,414.7128964823892,370.4086488246001,414.5595620843205,0.0,315.55226944155413,443.7905372692231,437.22283764005056,403.89007730632875,425.9090234844847,315.55226944155413,0.0,455.59316265504896,448.0598798928399,414.4838947856818,420.7631466952303,443.7905372692231,455.59316265504896,0.0,331.41764767469175,413.5557672194421,414.7128964823892,437.22283764005056,448.0598798928399,331.41764767469175,0.0
0.0,335.51035740655954,373.33555150185356,405.5157468197414,414.59881568175115,414.8115587876216,335.51035740655954,0.0,415.70962600065656,424.8739752460616,420.74643318471834,415.1866148552061,373.33555150185356,415.70962600065656,0.0,315.7604926785563,442.98181801163184,438.2248769344008,405.5157468197414,424.8739752460616,315.7604926785563,0.0,454.4490921863742,447.9898459047995,414.59881568175115,420.74643318471834,442.98181801163184,454.4490921863742,0.0,330.97104065225415,414.8115587876216,415.1866148552061,438.2248769344008,447.9898459047995,330.97104065225415,0.0
0.0,335.16135856282835,374.72117792880744,409.6595275428565,414.9304524949303,414.01931175419156,335.16135856282835,0.0,415.0622611227597,425.4603839589817,420.7349006659865,412.2020812043828,374.72117792880744,415.0622611227597,0.0,316.19451124041683,441.2887679917282,436.20434613672836,409.6595275428565,425.4603839589817,316.19451124041683,0.0,454.3004210451816,446.518811583153,414.9304524949303,420.7349006659865,441.2887679917282,454.3004210451816,0.0,331.719501209748,414.01931175419156,412.2020812043828,436.20434613672836,446.518811583153,331.719501209748,0.0
0.0,334.4509550121538,378.05974545025623,410.83711799099603,415.34863705262796,414.44283203979614,334.4509550121538,0.0,416.3518452882578,424.8197122835736,419.9850441494277,411.44863020542624,378.05974545025623,416.3518452882578,0.0,316.4112870598731,441.1494628423234,435.98825349516807,410.83711799099603,424.8197122835736,316.4112870598731,0.0,453.92410258794746,445.74532870383007,415.34863705262796,419.9850441494277,441.1494628423234,453.92410258794746,0.0,330.16845928208716,414.44283203979614,411.44863020542624,435.98825349516807,445.74532870383007,330.16845928208716,0.0
0.0,333.4131759775163,380.2580719811194,414.0713470433047,416.0964547106821,415.60421409715883,333.4131759775163,0.0,416.99774451555675,425.0665723544964,420.1063134912303,410.9933612033452,380.2580719811194,416.99774451555675,0.0,315.4140028342068,440.1562823127047,435.2808554609082,414.0713470433047,425.0665723544964,315.4140028342068,0.0,453.1425582565433,445.5162115350389,416.0964547106821,420.1063134912303,440.1562823127047,453.1425582565433,0.0,330.6123488307515,415.60421409715883,410.9933612033452,435.2808554609082,445.5162115350389,330.6123488307515,0.0
0.0,333.1326683683295,383.22336560347856,417.3578676975368,417.95377787909996,418.05864951712465,333.1326683683295,0.0,416.493105191624,425.3077270171065,420.31005949605816,411.31150759586586,383.22336560347856,416.493105191624,0.0,316.58375917571493,439.55012334605124,435.0573536884077,417.3578676975368,425.3077270171065,316.58375917571493,0.0,453.609375523619,446.3381933047983,417.95377787909996,420.31005949605816,439.55012334605124,453.609375523619,0.0,332.8193122133741,418.05864951712465,411.31150759586586,435.0573536884077,446.3381933047983,332.8193122133741,0.0
0.0,332.4293350379253,384.6968659728262,419.9044053024861,419.0927438203144,418.0598832048035,332.4293350379253,0.0,416.7128767907752,425.6020077028236,420.30478598578526,410.35839044635213,384.6968659728262,416.7128767907752,0.0,317.00787730937185,437.6922029989071,433.4490044162135,419.9044053024861,425.6020077028236,317.00787730937185,0.0,453.37208160151454,444.3737070232688,419.0927438203144,420.30478598578526,437.6922029989071,453.37208160151454,0.0,330.7222685782866,418.0598832048035,410.35839044635213,433.4490044162135,444.3737070232688,330.7222685782866,0.0
0.0,332.4642003710435,387.5940492436062,421.38995985230025,420.4436681497467,418.8390684964271,332.4642003710435,0.0,418.21681272603723,424.8930792045469,421.22668197321315,409.8814740363678,387.5940492436062,418.21681272603723,0.0,316.17051248371564,438.02803474494215,433.9169889374522,421.38995985230025,424.8930792045469,316.17051248371564,0.0,451.89753939337527,444.27592063375084,420.4436681497467,421.22668197321315,438.02803474494215,451.89753939337527,0.0,331.16647970883895,418.8390684964271,409.8814740363678,433.9169889374522,444.27592063375084,331.16647970883895,0.0
0.0,332.06432951716954,388.6023788145052,422.79407688557524,421.3385638431352,418.79634838790605,332.06432951716954,0.0,417.18055000072184,424.6689291537661,420.01032246941276,409.11660120791635,388.6023788145052,417.18055000072184,0.0,316.2587803734969,435.93730497103394,432.60956187429207,422.79407688557524,424.6689291537661,316.2587803734969,0.0,450.87841953215576,444.07532952758004,421.3385638431352,420.01032246941276,435.93730497103394,450.87841953215576,0.0,330.0083635389037,418.79634838790605,409.11660120791635,432.60956187429207,444.07532952758004,330.0083635389037,0.0
0.0,332.49089352119523,390.07756329996806,425.9302572544356,419.18364218486727,419.1937903982405,332.49089352119523,0.0,418.1932605297632,425.8406095763251,419.6352855007595,409.22784679188646,390.07756329996806,418.1932605297632,0.0,317.4996449990375,436.0276839793784,432.7389295217113,425.9302572544356,425.8406095763251,317.4996449990375,0.0,450.2158636002324,443.59310194077665,419.18364218486727,419.6352855007595,436.0276839793784,450.2158636002324,0.0,331.55453497574547,419.1937903982405,409.22784679188646,432.7389295217113,443.59310194077665,331.55453497574547,0.0
0.0,332.7831130791967,390.926423190481,427.11840716934165,420.9618659874001,418.48592295050275,332.7831130791967,0.0,416.26557849584333,425.1341314472659,418.81205522042507,408.2795171296631,390.926423190481,416.26557849584333,0.0,317.48382467742863,435.15418274454663,431.78477767220807,427.11840716934165,425.1341314472659,317.48382467742863,0.0,450.704818139361,442.9233673978207,420.9618659874001,418.81205522042507,435.15418274454663,450.704818139361,0.0,330.851788874493,418.48592295050275,408.2795171296631,431.78477767220807,442.9233673978207,330.851788874493,0.0
0.0,332.00188016652805,391.13529271928246,428.47570925930455,420.3578139431927,418.50084770778045,332.00188016652805,0.0,415.5459139750458,423.8175684907439,415.42130084354886,406.9601179344957,391.13529271928246,415.5459139750458,0.0,316.3834627461237,433.4203758972363,431.43865538283774,428.47570925930455,423.8175684907439,316.3834627461237,0.0,450.0436930025666,442.04208113215503,420.3578139431927,415.42130084354886,433.4203758972363,450.0436930025666,0.0,331.3320076804019,418.50084770778045,406.9601179344957,431.43865538283774,442.04208113215503,331.3320076804019,0.0
0.0,329.18295305050765,392.61537281145394,428.57302658630243,418.94893312554285,418.3259154858035,329.18295305050765,0.0,413.68106427857117,422.1588468699897,413.3493073649487,405.0915804561127,392.61537281145394,413.68106427857117,0.0,316.96823809157473,433.6389797458915,431.57465202164997,428.57302658630243,422.1588468699897,316.96823809157473,0.0,448.7312396184864,442.1375989960281,418.94893312554285,413.3493073649487,433.6389797458915,448.7312396184864,0.0,332.6667489986905,418.3259154858035,405.0915804561127,431.57465202164997,442.1375989960281,332.6667489986905,0.0
0.0,329.4335425021411,393.10097793650766,429.056390693571,419.45001724188836,418.1250826972034,329.4335425021411,0.0,413.7534649946973,420.00748210912013,409.9904777698922,403.56045564892236,393.10097793650766,413.7534649946973,0.0,317.74302612081465,431.51888389555086,432.26758042332176,429.056390693571,420.00748210912013,317.74302612081465,0.0,447.1515663136717,440.35915123884126,419.45001724188836,409.9904777698922,431.51888389555086,447.1515663136717,0.0,332.060634081355,418.1250826972034,403.56045564892236,432.26758042332176,440.35915123884126,332.060634081355,0.0
0.0,328.1361748780499,392.9543268623587,429.1630296177688,418.54578219246486,417.4496658538283,328.1361748780499,0.0,411.26878584184936,417.72241367548446,407.1159209801532,402.3321860193146,392.9543268623587,411.26878584184936,0.0,317.184119155136,431.5737481647127,431.8685471269771,429.1630296177688,417.72241367548446,317.184119155136,0.0,446.96487851683094,441.75761638043883,418.54578219246486,407.1159209801532,431.5737481647127,446.96487851683094,0.0,332.3542203440074,417.4496658538283,402.3321860193146,431.8685471269771,441.75761638043883,332.3542203440074,0.0
0.0,323.70830021793074,392.11423245514897,427.2584590978527,416.4878094332055,415.7954111640625,323.70830021793074,0.0,409.3197695757845,415.9544633127109,404.0443710346329,402.0301653039807,392.11423245514897,409.3197695757845,0.0,318.37678586860443,429.99436883193073,431.45161949378786,427.2584590978527,415.9544633127109,318.37678586860443,0.0,445.72268690130653,440.7274387716501,416.4878094332055,404.0443710346329,429.99436883193073,445.72268690130653,0.0,331.9139164589783,415.7954111640625,402.0301653039807,431.45161949378786,440.7274387716501,331.9139164589783,0.0
0.0,320.22203371344875,391.0191335516521,425.3190046486339,416.98770493662977,417.2012848353865,320.22203371344875,0.0,407.6687897671332,414.9913960293961,403.9752422372185,403.1877840484206,391.0191335516521,407.6687897671332,0.0,318.10022389723565,429.47906629663777,430.93237737369765,425.3190046486339,414.9913960293961,318.10022389723565,0.0,445.9446195854967,441.1664213917445,416.98770493662977,403.9752422372185,429.47906629663777,445.9446195854967,0.0,333.576075270572,417.2012848353865,403.1877840484206,430.93237737369765,441.1664213917445,333.576075270572,0.0
0.0,317.8163353520804,389.5795996030182,423.2851924315372,414.13569198908124,414.8897262249787,317.8163353520804,0.0,407.37264720319536,414.69542441928974,402.49021761531833,402.2554104586007,389.5795996030182,407.37264720319536,0.0,316.8890926387659,428.88773271019323,431.43621734915695,423.2851924315372,414.69542441928974,316.8890926387659,0.0,445.6943175254901,440.33852308362316,414.13569198908124,402.49021761531833,428.88773271019323,445.6943175254901,0.0,333.94404735631343,414.8897262249787,402.2554104586007,431.43621734915695,440.33852308362316,333.94404735631343,0.0
0.0,311.27657032268945,386.62019583470794,421.645322241019,411.8116296427449,413.5174525609271,311.27657032268945,0.0,405.6142682545192,412.3133499438142,401.22569937364045,400.97762325761266,386.62019583470794,405.6142682545192,0.0,317.79726456476885,428.6413462872589,431.055507552288,421.645322241019,412.3133499438142,317.79726456476885,0.0,443.7457718565832,440.87125581975783,411.8116296427449,401.22569937364045,428.6413462872589,443.7457718565832,0.0,333.3251308364355,413.5174525609271,400.97762325761266,431.055507552288,440.87125581975783,333.3251308364355,0.0
0.0,306.6951012919883,384.33835091733533,418.1460392981349,409.26273510392537,410.75317851558964,306.6951012919883,0.0,404.63852094849796,412.23815686059794,400.61139524567676,399.16562889853265,384.33835091733533,404.63852094849796,0.0,317.7313946488815,426.3149584014671,431.35833688337124,418.1460392981349,412.23815686059794,317.7313946488815,0.0,444.3055237477355,440.86794873716826,409.26273510392537,400.61139524567676,426.3149584014671,444.3055237477355,0.0,332.6670807081299,410.75317851558964,399.16562889853265,431.35833688337124,440.86794873716826,332.6670807081299,0.0
0.0,302.1873284377719,380.1036888151101,414.5711223176511,406.2987752024572,409.04669094741047,302.1873284377719,0.0,402.1693671521971,411.8799832207115,399.12012193390854,397.8521802399226,380.1036888151101,402.1693671521971,0.0,316.171113919009,424.93995349513295,430.4008027116979,414.5711223176511,411.8799832207115,316.171113919009,0.0,442.77065687846664,440.6217848974039,406.2987752024572,399.12012193390854,424.93995349513295,442.77065687846664,0.0,333.8828057906341,409.04669094741047,397.8521802399226,430.4008027116979,440.6217848974039,333.8828057906341,0.0
0.0,300.1561239886422,377.90292586199666,411.86088107927344,403.93666382773114,408.63983032211337,300.1561239886422,0.0,403.3292664807981,411.31987891972955,398.2125322846545,396.85836963533734,377.90292586199666,403.3292664807981,0.0,316.99576077924206,425.84179935933554,430.9174724831457,411.86088107927344,411.31987891972955,316.99576077924206,0.0,442.9170121721541,440.725882857767,403.93666382773114,398.2125322846545,425.84179935933554,442.9170121721541,0.0,334.01941503246064,408.63983032211337,396.85836963533734,430.9174724831457,440.725882857767,334.01941503246064,0.0
0.0,297.80040904479205,377.4008352302799,410.39162130201896,399.5205706069987,406.80736783047695,297.80040904479205,0.0,401.61694770291274,411.64847700692167,396.2724847985758,395.91087361700914,377.4008352302799,401.61694770291274,0.0,318.98954303501944,424.33510449787457,430.7673265626534,410.39162130201896,411.64847700692167,318.98954303501944,0.0,442.08388497257977,440.7625629819072,399.5205706069987,396.2724847985758,424.33510449787457,442.08388497257977,0.0,334.3248564092941,406.80736783047695,395.91087361700914,430.7673265626534,440.7625629819072,334.3248564092941,0.0
0.0,294.7206733078906,374.4622184017365,407.55096568955827,397.1379447014308,404.9224115485027,294.7206733078906,0.0,399.3299380721856,411.07380686489824,394.9683544012689,395.75208102264685,374.4622184017365,399.3299380721856,0.0,316.7457672864201,423.36854038139955,430.0262092076695,407.55096568955827,411.07380686489824,316.7457672864201,0.0,442.5900271972063,440.98059520988915,397.1379447014308,394.9683544012689,423.36854038139955,442.5900271972063,0.0,334.65763173190527,404.9224115485027,395.75208102264685,430.0262092076695,440.98059520988915,334.65763173190527,0.0
0.0,291.0359012558564,370.60468709900476,404.82355771538306,393.46335328177025,402.36594618183915,291.0359012558564,0.0,398.28863737589165,411.19437131319563,393.77263837447913,395.15703291595685,370.60468709900476,398.28863737589165,0.0,315.6037970768437,422.788849110472,429.13780507729405,404.82355771538306,411.19437131319563,315.6037970768437,0.0,440.9659503363096,440.40617086800813,393.46335328177025,393.77263837447913,422.788849110472,440.9659503363096,0.0,335.68204798338786,402.36594618183915,395.15703291595685,429.13780507729405,440.40617086800813,335.68204798338786,0.0
0.0,287.1107412877697,366.36718155984283,400.15680544162905,389.33231213908044,399.41743045309215,287.1107412877697,0.0,396.8475189695765,410.3441605276397,392.9530831498096,396.9427849963718,366.36718155984283,396.8475189695765,0.0,316.29081942212497,422.289221975799,428.34646850470864,400.15680544162905,410.3441605276397,316.29081942212497,0.0,441.4357803325578,440.5655163638449,389.33231213908044,392.9530831498096,422.289221975799,441.4357803325578,0.0,335.7734322919319,399.41743045309215,396.9427849963718,428.34646850470864,440.5655163638449,335.7734322919319,0.0
0.0,284.92840011928655,362.9341041408131,397.2868132854827,385.9663966794995,396.61391533679137,284.92840011928655,0.0,397.807274520188,412.0103825200532,393.16818928083603,396.9214727097446,362.9341041408131,397.807274520188,0.0,318.1189030562342,420.892676698542,427.9062989199894,397.2868132854827,412.0103825200532,318.1189030562342,0.0,441.000802850515,441.4657405971191,385.9663966794995,393.16818928083603,420.892676698542,441.000802850515,0.0,335.2071917604183,396.61391533679137,396.9214727097446,427.9062989199894,441.4657405971191,335.2071917604183,0.0
0.0,283.50275913678877,360.48781806618905,395.9278345085733,383.5581163251884,395.4000547425811,283.50275913678877,0.0,399.3057766821814,413.8504120332406,392.98390660298105,398.43083184151965,360.48781806618905,399.3057766821814,0.0,318.8531935317453,420.1478988498831,429.1067235032838,395.9278345085733,413.8504120332406,318.8531935317453,0.0,440.4243816422557,441.37274408775176,383.5581163251884,392.98390660298105,420.1478988498831,440.4243816422557,0.0,335.78878729524,395.4000547425811,398.43083184151965,429.1067235032838,441.37274408775176,335.78878729524,0.0
0.0,280.49602756009364,358.4869953494199,392.43382927168705,379.859005840143,392.089969283687,280.49602756009364,0.0,398.4760740962274,414.94659542394635,391.6468392668312,398.48023928023764,358.4869953494199,398.4760740962274,0.0,318.072010222321,418.7873772641574,428.6798977408136,392.43382927168705,414.94659542394635,318.072010222321,0.0,439.60932986008197,442.7658784105547,379.859005840143,391.6468392668312,418.7873772641574,439.60932986008197,0.0,335.7951754599553,392.089969283687,398.48023928023764,428.6798977408136,442.7658784105547,335.7951754599553,0.0
0.0,280.2286025709261,357.55674927496244,391.36865532263266,378.5602818022679,390.6333429955107,280.2286025709261,0.0,398.2087201763262,413.6756667400006,390.34079585210776,399.42365172246144,357.55674927496244,398.2087201763262,0.0,318.1032455505816,418.3185570323662,428.65349197376577,391.36865532263266,413.6756667400006,318.1032455505816,0.0,438.2993035649709,441.5977518721107,378.5602818022679,390.34079585210776,418.3185570323662,438.2993035649709,0.0,336.23278842547217,390.6333429955107,399.42365172246144,428.65349197376577,441.5977518721107,336.23278842547217,0.0
0.0,279.14020999596977,355.92778480594376,390.4791359846843,376.0188279164789,388.1888479093896,279.14020999596977,0.0,397.57149952513026,414.93575910308977,388.9625337632622,399.3478784574664,355.92778480594376,397.57149952513026,0.0,318.78768135845166,417.27177743907384,427.57286526558534,390.4791359846843,414.93575910308977,318.78768135845166,0.0,438.4291608437997,440.98835832631846,376.0188279164789,388.9625337632622,417.27177743907384,438.4291608437997,0.0,336.1283508267903,388.1888479093896,399.3478784574664,427.57286526558534,440.98835832631846,336.1283508267903,0.0
0.0,275.5929254005219,353.7668427240958,388.5861995442309,374.4096316573045,386.21425604226806,275.5929254005219,0.0,396.3919001302857,414.12452270846194,387.80829127718187,398.53353314654447,353.7668427240958,396.3919001302857,0.0,318.36909629184805,416.8070125734951,427.39984741243825,388.5861995442309,414.12452270846194,318.36909629184805,0.0,437.88974158420154,441.55999200873,374.4096316573045,387.80829127718187,416.8070125734951,437.88974158420154,0.0,335.9054758429463,386.21425604226806,398.53353314654447,427.39984741243825,441.55999200873,335.9054758429463,0.0
0.0,274.4826664677934,352.6899567883038,386.41959092078434,371.1567039809145,383.38454426166646,274.4826664677934,0.0,396.63267254498373,414.3408348397045,385.5798703916587,398.70982976446413,352.6899567883038,396.63267254498373,0.0,318.5590114468507,415.1458620500418,427.6852902188274,386.41959092078434,414.3408348397045,318.5590114468507,0.0,435.5197972439908,442.06247470492934,371.1567039809145,385.5798703916587,415.1458620500418,435.5197972439908,0.0,334.8030239887069,383.38454426166646,398.70982976446413,427.6852902188274,442.06247470492934,334.8030239887069,0.0
0.0,269.52324594013527,352.9440436079852,386.3498547361046,370.0593217007971,382.4467769045386,269.52324594013527,0.0,395.0705479713937,412.99304464914724,385.1968462514589,396.60685096589975,352.9440436079852,395.0705479713937,0.0,318.60577256724974,413.9442672602901,426.36836654488496,386.3498547361046,412.99304464914724,318.60577256724974,0.0,436.29252353470446,443.25068058024345,370.0593217007971,385.1968462514589,413.9442672602901,436.29252353470446,0.0,334.2606070306259,382.4467769045386,396.60685096589975,426.36836654488496,443.25068058024345,334.2606070306259,0.0
0.0,267.3862436586721,353.4173832143136,387.493906955018,370.6455034090483,381.39772119476754,267.3862436586721,0.0,396.552934044052,414.026088894932,385.92384652570433,395.06950493482356,353.4173832143136,396.552934044052,0.0,316.7447885169835,414.2374406824425,426.36173206496096,387.493906955018,414.026088894932,316.7447885169835,0.0,434.9987751778643,442.80059058358796,370.6455034090483,385.92384652570433,414.2374406824425,434.9987751778643,0.0,333.9265190505494,381.39772119476754,395.06950493482356,426.36173206496096,442.80059058358796,333.9265190505494,0.0
0.0,266.2675498454413,353.60514169830753,387.51875349838525,369.3186044996989,382.76916424062205,266.2675498454413,0.0,394.6397385211005,412.0982501277585,384.5620554783353,393.0799356718371,353.60514169830753,394.6397385211005,0.0,318.2768692100157,412.9775024397043,426.291670231139,387.51875349838525,412.0982501277585,318.2768692100157,0.0,433.7952802474414,443.5353535638011,369.3186044996989,384.5620554783353,412.9775024397043,433.7952802474414,0.0,332.49542642884137,382.76916424062205,393.0799356718371,426.291670231139,443.5353535638011,332.49542642884137,0.0
0.0,266.0690318475079,353.7013847752841,386.76095237470173,368.85505591777843,381.79305249620785,266.0690318475079,0.0,393.23948419500255,411.6236608358986,384.3453598465529,390.5936869704542,353.7013847752841,393.23948419500255,0.0,318.34959100393115,411.20700907157925,425.5390534332739,386.76095237470173,411.6236608358986,318.34959100393115,0.0,433.74976766088326,442.7036615004248,368.85505591777843,384.3453598465529,411.20700907157925,433.74976766088326,0.0,334.28315852412595,381.79305249620785,390.5936869704542,425.5390534332739,442.7036615004248,334.28315852412595,0.0
0.0,263.310156198454,353.97155822266785,387.01415221546165,366.89521592801515,381.55485461009505,263.310156198454,0.0,391.24233047158117,409.1953900397415,382.1267126322571,386.0122289733249,353.97155822266785,391.24233047158117,0.0,317.96427462009893,410.81284833069515,425.8257178331152,387.01415221546165,409.1953900397415,317.96427462009893,0.0,433.1737890647114,442.9888513373752,366.89521592801515,382.1267126322571,410.81284833069515,433.1737890647114,0.0,332.60429430448795,381.55485461009505,386.0122289733249,425.8257178331152,442.9888513373752,332.60429430448795,0.0
0.0,265.46634409922467,353.8113664951859,385.55132150439005,366.39270335949857,381.0877257359026,265.46634409922467,0.0,387.3449071789257,407.5578766071539,380.690472564482,381.54372727051714,353.8113664951859,387.3449071789257,0.0,317.28933387610306,410.11388695212014,424.331087957495,385.55132150439005,407.5578766071539,317.28933387610306,0.0,433.0064436326258,441.7302567104012,366.39270335949857,380.690472564482,410.11388695212014,433.0064436326258,0.0,331.3185813623769,381.0877257359026,381.54372727051714,424.331087957495,441.7302567104012,331.3185813623769,0.0
0.0,262.88891214943726,353.2184082076526,384.2698560674766,364.9521937004375,381.46159520711046,262.88891214943726,0.0,385.08382267895274,404.25566059091824,379.53936514896543,378.2793791078912,353.2184082076526,385.08382267895274,0.0,318.31266788486994,410.9094347768109,425.58366812576145,384.2698560674766,404.25566059091824,318.31266788486994,0.0,433.2403019003982,442.635812278111,364.9521937004375,379.53936514896543,410.9094347768109,433.2403019003982,0.0,332.33615246287417,381.46159520711046,378.2793791078912,425.58366812576145,442.635812278111,332.33615246287417,0.0
0.0,263.5746437744507,354.07938805997566,382.56110420934374,363.8853589307919,382.96002549060694,263.5746437744507,0.0,383.14106238200753,401.13448400727646,378.38059557541965,375.45480905151254,354.07938805997566,383.14106238200753,0.0,317.52091278691626,409.7188386918285,424.52340321446394,382.56110420934374,401.13448400727646,317.52091278691626,0.0,432.397090977608,441.1270147031772,363.8853589307919,378.38059557541965,409.7188386918285,432.397090977608,0.0,330.92812618455247,382.96002549060694,375.45480905151254,424.52340321446394,441.1270147031772,330.92812618455247,0.0
0.0,266.0135286513208,353.73952293414703,382.1862242311239,364.1112421368025,383.9033717416889,266.0135286513208,0.0,381.9759897576467,399.33272893347976,378.371259110104,375.1594870732322,353.73952293414703,381.9759897576467,0.0,317.0790578760048,409.78758017981636,424.5434775443833,382.1862242311239,399.33272893347976,317.0790578760048,0.0,432.9032475097647,441.3111408653255,364.1112421368025,378.371259110104,409.78758017981636,432.9032475097647,0.0,330.419565290334,383.9033717416889,375.1594870732322,424.5434775443833,441.3111408653255,330.419565290334,0.0
0.0,270.7445111212914,356.1013816754569,383.7154540950518,364.2237612313002,384.9474129510676,270.7445111212914,0.0,380.935081079279,398.9207811613528,378.80036206602296,373.44536413894286,356.1013816754569,380.935081079279,0.0,317.61741242814605,410.17720550858945,424.3295921251033,383.7154540950518,398.9207811613528,317.61741242814605,0.0,434.36664257913327,440.41919214257143,364.2237612313002,378.80036206602296,410.17720550858945,434.36664257913327,0.0,329.4403864029949,384.9474129510676,373.44536413894286,424.3295921251033,440.41919214257143,329.4403864029949,0.0
0.0,275.6967727761603,358.6046453833695,385.5479444588743,366.6140471943551,386.2580965896308,275.6967727761603,0.0,382.0109702123387,397.5756238151155,379.53742142301985,374.8737787937279,358.6046453833695,382.0109702123387,0.0,316.7963037711768,410.9363711857099,423.46894851099887,385.5479444588743,397.5756238151155,316.7963037711768,0.0,433.8798005116334,439.03970672151,366.6140471943551,379.53742142301985,410.9363711857099,433.8798005116334,0.0,327.8152619248623,386.2580965896308,374.8737787937279,423.46894851099887,439.03970672151,327.8152619248623,0.0
