31_0Skel_31_0Skel,31_0Skel_31_0Bulge,31_0Skel_31_50Skel,31_0Skel_31_50Bulge,31_0Bulge_31_0Skel,31_0Bulge_31_0Bulge,31_0Bulge_31_50Skel,31_0Bulge_31_50Bulge,31_50Skel_31_0Skel,31_50Skel_31_0Bulge,31_50Skel_31_50Skel,31_50Skel_31_50Bulge,31_50Bulge_31_0Skel,31_50Bulge_31_0Bulge,31_50Bulge_31_50Skel,31_50Bulge_31_50Bulge
0.0,304.7965840923073,294.8742258586341,329.84070351272186,304.7965840923073,0.0,333.6620484451865,295.14405787487954,294.8742258586341,333.6620484451865,0.0,314.266747185798,329.84070351272186,295.14405787487954,314.266747185798,0.0
0.0,303.67736684337206,293.9500607721179,331.14948496946096,303.67736684337206,0.0,335.2461925417654,296.07135624941105,293.9500607721179,335.2461925417654,0.0,313.43427615295,331.14948496946096,296.07135624941105,313.43427615295,0.0
0.0,301.5400005276204,294.6238007249403,329.4827501230698,301.5400005276204,0.0,335.2253241797178,294.8689564540096,294.6238007249403,335.2253241797178,0.0,312.65566044124205,329.4827501230698,294.8689564540096,312.65566044124205,0.0
0.0,300.1428224835786,293.30627212380364,330.57566489021775,300.1428224835786,0.0,334.9960082590707,295.24183197847765,293.30627212380364,334.9960082590707,0.0,311.83754629711166,330.57566489021775,295.24183197847765,311.83754629711166,0.0
0.0,299.2998432356697,294.9819499371626,329.9711484243762,299.2998432356697,0.0,336.0399302929202,296.8842324912036,294.9819499371626,336.0399302929202,0.0,313.59284747925784,329.9711484243762,296.8842324912036,313.59284747925784,0.0
0.0,299.60976025676075,294.48931307104795,329.8485892180283,299.60976025676075,0.0,336.03393940380886,294.58369532729273,294.48931307104795,336.03393940380886,0.0,314.3029696344251,329.8485892180283,294.58369532729273,314.3029696344251,0.0
0.0,297.6028800481796,295.8938670384316,329.0829511299263,297.6028800481796,0.0,335.94929586507925,297.4132049343474,295.8938670384316,335.94929586507925,0.0,315.3496483700754,329.0829511299263,297.4132049343474,315.3496483700754,0.0
0.0,298.34754393126275,294.552431902164,330.366405628635,298.34754393126275,0.0,336.3944845909465,297.146336416939,294.552431902164,336.3944845909465,0.0,315.38207016734805,330.366405628635,297.146336416939,315.38207016734805,0.0
0.0,297.8671160006353,296.5937458547995,330.9651254841644,297.8671160006353,0.0,336.31349090475766,298.2768986762375,296.5937458547995,336.31349090475766,0.0,315.2854872002145,330.9651254841644,298.2768986762375,315.2854872002145,0.0
0.0,297.7629830014805,295.2520778198308,329.9754716077021,297.7629830014805,0.0,335.1340219275593,298.08271650556657,295.2520778198308,335.1340219275593,0.0,314.73723201003816,329.9754716077021,298.08271650556657,314.73723201003816,0.0
0.0,298.93194970658146,297.89650263301246,330.50670283418606,298.93194970658146,0.0,336.41715555187744,300.248451781823,297.89650263301246,336.41715555187744,0.0,316.7631285096037,330.50670283418606,300.248451781823,316.7631285096037,0.0
0.0,299.6771112842107,297.0757626009786,329.49484722670167,299.6771112842107,0.0,337.264073722003,300.9172394182396,297.0757626009786,337.264073722003,0.0,316.4388939702408,329.49484722670167,300.9172394182396,316.4388939702408,0.0
0.0,299.06859225907715,297.153005571826,331.24903490583387,299.06859225907715,0.0,336.7807357281094,303.77279875640966,297.153005571826,336.7807357281094,0.0,316.9994103289527,331.24903490583387,303.77279875640966,316.9994103289527,0.0
0.0,301.40181286590314,299.2155439246219,332.88726727230375,301.40181286590314,0.0,337.34672633239757,304.70178608954706,299.2155439246219,337.34672633239757,0.0,317.7184055234975,332.88726727230375,304.70178608954706,317.7184055234975,0.0
0.0,301.6044918414992,301.37241693575874,333.9015606933583,301.6044918414992,0.0,338.25082796892906,307.2344896677639,301.37241693575874,338.25082796892906,0.0,319.2654696803666,333.9015606933583,307.2344896677639,319.2654696803666,0.0
0.0,302.41009641328486,301.09714489023645,336.3613325520361,302.41009641328486,0.0,337.7140536848243,310.86940851091146,301.09714489023645,337.7140536848243,0.0,320.9737221213956,336.3613325520361,310.86940851091146,320.9737221213956,0.0
0.0,302.7896744644464,303.20545569212544,337.70215453095614,302.7896744644464,0.0,339.31365938886563,312.0916900199568,303.20545569212544,339.31365938886563,0.0,321.59980345908855,337.70215453095614,312.0916900199568,321.59980345908855,0.0
0.0,305.0873799717721,304.562178934727,339.02318880555066,305.0873799717721,0.0,339.55197519604906,314.4470795221887,304.562178934727,339.55197519604906,0.0,323.40565018656355,339.02318880555066,314.4470795221887,323.40565018656355,0.0
0.0,304.02112246395154,306.0494459389259,338.9989651240796,304.02112246395154,0.0,340.4861121308935,315.1138067428372,306.0494459389259,340.4861121308935,0.0,324.38124061962725,338.9989651240796,315.1138067428372,324.38124061962725,0.0
0.0,303.23330059621065,305.6851682351609,341.0417559144501,303.23330059621065,0.0,342.08768461677937,316.2457954104955,305.6851682351609,342.08768461677937,0.0,326.1542609849003,341.0417559144501,316.2457954104955,326.1542609849003,0.0
0.0,301.74247160358163,304.28469878369145,343.6447788522551,301.74247160358163,0.0,341.1607520980975,318.77256329334523,304.28469878369145,341.1607520980975,0.0,328.2840463978284,343.6447788522551,318.77256329334523,328.2840463978284,0.0
0.0,300.671812367791,307.29942463942285,345.5619816800609,300.671812367791,0.0,340.3246694125232,318.77225957761345,307.29942463942285,340.3246694125232,0.0,329.75899395139254,345.5619816800609,318.77225957761345,329.75899395139254,0.0
0.0,299.67300564485237,305.5504955237885,345.9441352707956,299.67300564485237,0.0,340.8360321029353,320.7997721553823,305.5504955237885,340.8360321029353,0.0,329.8179029499663,345.9441352707956,320.7997721553823,329.8179029499663,0.0
0.0,298.21358078556267,305.0491060598118,347.82384255912183,298.21358078556267,0.0,340.4860449713223,321.96096301737657,305.0491060598118,340.4860449713223,0.0,330.9920289852852,347.82384255912183,321.96096301737657,330.9920289852852,0.0
0.0,295.34696009144506,302.487849589692,348.41935383998003,295.34696009144506,0.0,340.7449050261539,322.7657471636458,302.487849589692,340.7449050261539,0.0,334.0542128217227,348.41935383998003,322.7657471636458,334.0542128217227,0.0
0.0,295.2792605981702,300.0004044300016,348.234101610032,295.2792605981702,0.0,340.32036210056896,323.34263656935525,300.0004044300016,340.32036210056896,0.0,334.9723244669522,348.234101610032,323.34263656935525,334.9723244669522,0.0
0.0,290.42731190693354,300.31159259705277,348.8563016380881,290.42731190693354,0.0,341.0530952667082,324.5172067099505,300.31159259705277,341.0530952667082,0.0,336.47226488587376,348.8563016380881,324.5172067099505,336.47226488587376,0.0
0.0,288.4347595583461,296.6397701822168,346.5361010209985,288.4347595583461,0.0,341.09193629352006,323.62873804089895,296.6397701822168,341.09193629352006,0.0,334.9998555917204,346.5361010209985,323.62873804089895,334.9998555917204,0.0
0.0,286.70294432380143,296.26154570306005,349.682813938019,286.70294432380143,0.0,341.2731026032708,325.98093984085125,296.26154570306005,341.2731026032708,0.0,337.9068870002204,349.682813938019,325.98093984085125,337.9068870002204,0.0
0.0,283.6528355501136,294.72466172856275,350.351605026442,283.6528355501136,0.0,341.93239735675934,324.8422138006751,294.72466172856275,341.93239735675934,0.0,339.0967594117081,350.351605026442,324.8422138006751,339.0967594117081,0.0
0.0,285.740917292038,292.8062652417802,349.11007440414585,285.740917292038,0.0,343.0560943085685,324.3139522457528,292.8062652417802,343.0560943085685,0.0,338.4935053509049,349.11007440414585,324.3139522457528,338.4935053509049,0.0
0.0,284.74900898487056,292.9503994276184,347.0614841294064,284.74900898487056,0.0,343.25097917747314,323.2427726904818,292.9503994276184,343.25097917747314,0.0,338.2036314634261,347.0614841294064,323.2427726904818,338.2036314634261,0.0
0.0,284.7456712484,291.66475726122303,347.6152071699501,284.7456712484,0.0,343.695383115406,323.3788937462364,291.66475726122303,343.695383115406,0.0,338.01499265414634,347.6152071699501,323.3788937462364,338.01499265414634,0.0
0.0,284.70076592640225,291.03206988156165,348.2187473673355,284.70076592640225,0.0,343.77588134041054,323.4642116167069,291.03206988156165,343.77588134041054,0.0,336.89447056849,348.2187473673355,323.4642116167069,336.89447056849,0.0
0.0,284.99115066261135,291.2031087439873,348.9090173064821,284.99115066261135,0.0,343.2754047850892,323.6043226326114,291.2031087439873,343.2754047850892,0.0,337.20071130466476,348.9090173064821,323.6043226326114,337.20071130466476,0.0
0.0,285.0791688357957,290.62583459231996,349.85362570558857,285.0791688357957,0.0,341.5585089337164,321.8216826494048,290.62583459231996,341.5585089337164,0.0,334.846506414025,349.85362570558857,321.8216826494048,334.846506414025,0.0
0.0,286.29838774664734,291.22597377337024,348.21047555541764,286.29838774664734,0.0,343.1734473946188,317.5220008434431,291.22597377337024,343.1734473946188,0.0,331.60618440780877,348.21047555541764,317.5220008434431,331.60618440780877,0.0
0.0,286.47614440608663,291.96541384422017,344.0042886314113,286.47614440608663,0.0,343.6617980416926,312.8253127402375,291.96541384422017,343.6617980416926,0.0,326.79947170488435,344.0042886314113,312.8253127402375,326.79947170488435,0.0
0.0,286.8273903125948,291.03359725323946,344.3506812144509,286.8273903125948,0.0,342.83018536925806,310.0828542295225,291.03359725323946,342.83018536925806,0.0,323.65445791898156,344.3506812144509,310.0828542295225,323.65445791898156,0.0
0.0,288.7834426200995,291.05041963098256,344.2046687681985,288.7834426200995,0.0,343.16123779304655,310.5944570815899,291.05041963098256,343.16123779304655,0.0,321.4389776009036,344.2046687681985,310.5944570815899,321.4389776009036,0.0
0.0,289.1339470770648,293.2869740756761,341.69992362681063,289.1339470770648,0.0,344.1919812816487,310.92050255700445,293.2869740756761,344.1919812816487,0.0,319.33170404046683,341.69992362681063,310.92050255700445,319.33170404046683,0.0
0.0,291.0426676663201,293.54757092594764,344.71326253576484,291.0426676663201,0.0,343.10177982553887,309.1699727758303,293.54757092594764,343.10177982553887,0.0,318.8011251519495,344.71326253576484,309.1699727758303,318.8011251519495,0.0
0.0,292.3877743818137,295.28845609337327,344.90087836174916,292.3877743818137,0.0,342.91912958781114,307.93463212405936,295.28845609337327,342.91912958781114,0.0,316.5209530608461,344.90087836174916,307.93463212405936,316.5209530608461,0.0
0.0,294.3206336843842,295.7104351505403,347.1620200465265,294.3206336843842,0.0,340.7589678976202,309.09099087114015,295.7104351505403,340.7589678976202,0.0,315.7563866035195,347.1620200465265,309.09099087114015,315.7563866035195,0.0
0.0,295.5696849284568,296.3400232089782,346.4426330638381,295.5696849284568,0.0,340.9927476693799,309.27883244937203,296.3400232089782,340.9927476693799,0.0,314.2093696330786,346.4426330638381,309.27883244937203,314.2093696330786,0.0
0.0,297.01926590162753,295.25674429120886,347.40175015702675,297.01926590162753,0.0,337.8112442379133,307.3212534019736,295.25674429120886,337.8112442379133,0.0,313.0282377687613,347.40175015702675,307.3212534019736,313.0282377687613,0.0
0.0,298.6324218448061,297.5872931595539,350.4708981541855,298.6324218448061,0.0,336.8187919354196,308.9090634251874,297.5872931595539,336.8187919354196,0.0,313.32091653111075,350.4708981541855,308.9090634251874,313.32091653111075,0.0
0.0,300.131158535768,296.35049852663525,350.5866677002869,300.131158535768,0.0,337.29479528941147,308.5398092024798,296.35049852663525,337.29479528941147,0.0,310.4435822011332,350.5866677002869,308.5398092024798,310.4435822011332,0.0
0.0,300.7962355685326,297.8288292594877,351.21095678600904,300.7962355685326,0.0,335.6260855258257,308.5765403559035,297.8288292594877,335.6260855258257,0.0,310.3890750629321,351.21095678600904,308.5765403559035,310.3890750629321,0.0
0.0,301.59797321867586,297.43924263426067,351.0504380261522,301.59797321867586,0.0,335.72588321469436,307.5642420488368,297.43924263426067,335.72588321469436,0.0,308.43601188037485,351.0504380261522,307.5642420488368,308.43601188037485,0.0
0.0,302.21101868078694,297.15444039063567,350.21014143085387,302.21101868078694,0.0,336.78735537976263,308.6789731494146,297.15444039063567,336.78735537976263,0.0,307.72264270189834,350.21014143085387,308.6789731494146,307.72264270189834,0.0
0.0,302.0858160345455,296.5903150651204,349.70086064447133,302.0858160345455,0.0,337.0365411035552,309.2174374865586,296.5903150651204,337.0365411035552,0.0,306.72421898905384,349.70086064447133,309.2174374865586,306.72421898905384,0.0
0.0,301.898868627809,297.69991360649146,349.18568163815274,301.898868627809,0.0,338.2157083031217,309.7769487527555,297.69991360649146,338.2157083031217,0.0,308.49243248915553,349.18568163815274,309.7769487527555,308.49243248915553,0.0
0.0,301.4412454912844,296.10284336869114,347.08071518179986,301.4412454912844,0.0,337.68284339642395,309.3895424489805,296.10284336869114,337.68284339642395,0.0,309.3657201883172,347.08071518179986,309.3895424489805,309.3657201883172,0.0
0.0,299.95300657402936,295.3269517014818,347.6186183080271,299.95300657402936,0.0,336.22566187355454,309.79474622065527,295.3269517014818,336.22566187355454,0.0,308.6014682079131,347.6186183080271,309.79474622065527,308.6014682079131,0.0
0.0,300.08106020552884,296.48470714551917,345.4237231127683,300.08106020552884,0.0,336.34560562831496,308.9374352985578,296.48470714551917,336.34560562831496,0.0,307.2333271019432,345.4237231127683,308.9374352985578,307.2333271019432,0.0
0.0,300.2099100462377,294.9842809929491,344.16391405399634,300.2099100462377,0.0,336.5007522352264,309.6182691166383,294.9842809929491,336.5007522352264,0.0,307.5021454811997,344.16391405399634,309.6182691166383,307.5021454811997,0.0
0.0,301.2704550949053,296.19761214652755,343.63718382035506,301.2704550949053,0.0,337.75627016473896,308.6908289268853,296.19761214652755,337.75627016473896,0.0,308.2111083755519,343.63718382035506,308.6908289268853,308.2111083755519,0.0
0.0,299.262680393958,296.09120691416103,341.76969151113354,299.262680393958,0.0,338.8460379302441,307.75498792565014,296.09120691416103,338.8460379302441,0.0,307.392328435296,341.76969151113354,307.75498792565014,307.392328435296,0.0
0.0,301.0721941654217,296.2300316613911,340.1559605078932,301.0721941654217,0.0,338.9803836729874,308.30783847236376,296.2300316613911,338.9803836729874,0.0,308.5877522078535,340.1559605078932,308.30783847236376,308.5877522078535,0.0
0.0,301.26676891419345,297.18388424851935,340.81690225261866,301.26676891419345,0.0,340.4721638739519,307.34777937725477,297.18388424851935,340.4721638739519,0.0,310.99950860264687,340.81690225261866,307.34777937725477,310.99950860264687,0.0
0.0,300.9319170381445,297.7109870543459,340.72666314842263,300.9319170381445,0.0,342.9226761878666,308.8023351347435,297.7109870543459,342.9226761878666,0.0,312.56830576212894,340.72666314842263,308.8023351347435,312.56830576212894,0.0
0.0,301.3995548564796,297.590346013067,339.9141724195839,301.3995548564796,0.0,344.59851705738964,310.0056820513772,297.590346013067,344.59851705738964,0.0,311.2938268468972,339.9141724195839,310.0056820513772,311.2938268468972,0.0
0.0,302.6066001264458,300.04661567453076,340.9184835279909,302.6066001264458,0.0,345.46556475230005,309.60334060060137,300.04661567453076,345.46556475230005,0.0,312.7175638719772,340.9184835279909,309.60334060060137,312.7175638719772,0.0
0.0,302.3686859283352,300.89157570804616,340.7434647257129,302.3686859283352,0.0,344.85945860880156,310.65651421059823,300.89157570804616,344.85945860880156,0.0,312.54368547701387,340.7434647257129,310.65651421059823,312.54368547701387,0.0
0.0,303.9525232134092,301.7357276879414,341.5957856858163,303.9525232134092,0.0,345.6707364819458,310.00947652893166,301.7357276879414,345.6707364819458,0.0,312.7179058161532,341.5957856858163,310.00947652893166,312.7179058161532,0.0
0.0,302.1269833852343,302.56052137387275,342.5394370054453,302.1269833852343,0.0,346.3268242820141,308.72591832954777,302.56052137387275,346.3268242820141,0.0,310.6536126032496,342.5394370054453,308.72591832954777,310.6536126032496,0.0
0.0,302.66053931668097,303.5439805933199,341.1259725174067,302.66053931668097,0.0,347.11785143660313,309.0344897186727,303.5439805933199,347.11785143660313,0.0,311.74780783259376,341.1259725174067,309.0344897186727,311.74780783259376,0.0
0.0,303.22284368172984,302.4346570985922,342.2003665217083,303.22284368172984,0.0,347.4708020724111,307.8350425173241,302.4346570985922,347.4708020724111,0.0,310.26157656797676,342.2003665217083,307.8350425173241,310.26157656797676,0.0
0.0,304.46735123946826,304.43229626680267,341.80206052544395,304.46735123946826,0.0,349.4476004152231,307.23668906516394,304.43229626680267,349.4476004152231,0.0,309.19864022803796,341.80206052544395,307.23668906516394,309.19864022803796,0.0
0.0,305.4729968514136,303.9354032268567,341.6326509167241,305.4729968514136,0.0,347.69578757076687,307.00318119169776,303.9354032268567,347.69578757076687,0.0,307.57550503783114,341.6326509167241,307.00318119169776,307.57550503783114,0.0
0.0,306.552530283248,305.55404236344896,342.90007180294776,306.552530283248,0.0,348.9164359240493,307.2508393669808,305.55404236344896,348.9164359240493,0.0,307.5028623151399,342.90007180294776,307.2508393669808,307.5028623151399,0.0
0.0,305.5803166964555,305.41859536467376,342.3588731687217,305.5803166964555,0.0,348.4610264975606,305.4554928501058,305.41859536467376,348.4610264975606,0.0,306.0466039058064,342.3588731687217,305.4554928501058,306.0466039058064,0.0
0.0,306.76924196504905,305.70885853551226,343.882116066168,306.76924196504905,0.0,348.55710308508657,307.0208626501268,305.70885853551226,348.55710308508657,0.0,305.7327715690921,343.882116066168,307.0208626501268,305.7327715690921,0.0
0.0,308.23815237525275,307.14567217341636,342.33128282780365,308.23815237525275,0.0,348.5002105027178,306.92350615272477,307.14567217341636,348.5002105027178,0.0,305.56409736302356,342.33128282780365,306.92350615272477,305.56409736302356,0.0
0.0,310.56088927052735,308.082191205733,343.59354760652565,310.56088927052735,0.0,349.74729468203515,308.7307108729293,308.082191205733,349.74729468203515,0.0,304.91392270831693,343.59354760652565,308.7307108729293,304.91392270831693,0.0
0.0,312.9524415888285,309.47049609772864,342.69163582918446,312.9524415888285,0.0,350.48977310296993,307.5991012273088,309.47049609772864,350.48977310296993,0.0,305.70744352618954,342.69163582918446,307.5991012273088,305.70744352618954,0.0
0.0,313.44150173175467,307.02868979876143,341.3668559763199,313.44150173175467,0.0,350.3338126016127,309.2408668918799,307.02868979876143,350.3338126016127,0.0,303.52858777208485,341.3668559763199,309.2408668918799,303.52858777208485,0.0
0.0,313.30842938336605,305.8602719106425,341.8186643833617,313.30842938336605,0.0,351.1912352441168,311.7056903077575,305.8602719106425,351.1912352441168,0.0,303.6821095358588,341.8186643833617,311.7056903077575,303.6821095358588,0.0
0.0,315.9560764270985,303.55035017567343,341.291489712238,315.9560764270985,0.0,351.2071846590696,311.1022569066329,303.55035017567343,351.2071846590696,0.0,301.74824789471796,341.291489712238,311.1022569066329,301.74824789471796,0.0
0.0,317.7363662473721,303.13821347030114,340.80478256167595,317.7363662473721,0.0,351.8626456243143,312.6948317934879,303.13821347030114,351.8626456243143,0.0,300.6964021413498,340.80478256167595,312.6948317934879,300.6964021413498,0.0
0.0,318.1740922431688,300.8807015244308,338.5046296858993,318.1740922431688,0.0,352.55309466636254,313.2227236356233,300.8807015244308,352.55309466636254,0.0,300.05023073875407,338.5046296858993,313.2227236356233,300.05023073875407,0.0
0.0,318.07102242056527,298.99107285318934,338.77447748047734,318.07102242056527,0.0,351.76617344327775,314.02883307624836,298.99107285318934,351.76617344327775,0.0,299.75712491612956,338.77447748047734,314.02883307624836,299.75712491612956,0.0
0.0,316.92327384936465,297.1938394088524,336.9793493371253,316.92327384936465,0.0,352.22716673865153,313.3270935856949,297.1938394088524,352.22716673865153,0.0,298.704726944515,336.9793493371253,313.3270935856949,298.704726944515,0.0
0.0,317.5010953555538,295.52710269729073,337.507538747696,317.5010953555538,0.0,352.9816648708767,314.0490050733747,295.52710269729073,352.9816648708767,0.0,297.26697811854706,337.507538747696,314.0490050733747,297.26697811854706,0.0
0.0,317.1343340548312,292.5527418611564,335.9669202411665,317.1343340548312,0.0,352.5466120368025,313.9427461470611,292.5527418611564,352.5466120368025,0.0,297.8441331995911,335.9669202411665,313.9427461470611,297.8441331995911,0.0
0.0,316.26321840152366,288.5843644326878,335.1557837124383,316.26321840152366,0.0,352.47076925378957,315.8754158761695,288.5843644326878,352.47076925378957,0.0,295.76371717331625,335.1557837124383,315.8754158761695,295.76371717331625,0.0
0.0,315.67559162059786,286.0372056261146,334.4900975756907,315.67559162059786,0.0,353.27579644610597,317.4655454970653,286.0372056261146,353.27579644610597,0.0,296.4000102497387,334.4900975756907,317.4655454970653,296.4000102497387,0.0
0.0,315.8305774870565,284.85874872511954,333.8756966194514,315.8305774870565,0.0,353.40375581658776,318.8327732002873,284.85874872511954,353.40375581658776,0.0,294.50666901713976,333.8756966194514,318.8327732002873,294.50666901713976,0.0
0.0,318.10743959098676,285.87588401589716,333.251562689334,318.10743959098676,0.0,354.4855814621232,318.8386279344054,285.87588401589716,354.4855814621232,0.0,295.66305829452983,333.251562689334,318.8386279344054,295.66305829452983,0.0
0.0,319.7563407641588,287.4451397654431,333.9466094764577,319.7563407641588,0.0,354.8138221093913,319.87597910237525,287.4451397654431,354.8138221093913,0.0,295.57560607332977,333.9466094764577,319.87597910237525,295.57560607332977,0.0
0.0,319.5105716604696,287.0130108409465,333.9777060589238,319.5105716604696,0.0,356.155505422302,321.7391416512398,287.0130108409465,356.155505422302,0.0,295.1473134196955,333.9777060589238,321.7391416512398,295.1473134196955,0.0
0.0,322.4188374046544,286.9575914921861,333.61288251775693,322.4188374046544,0.0,357.55462967774054,321.8428054025341,286.9575914921861,357.55462967774054,0.0,295.31358386902997,333.61288251775693,321.8428054025341,295.31358386902997,0.0
0.0,322.7804626174111,286.935417139429,332.5935528748474,322.7804626174111,0.0,359.53114005717856,323.3990387860068,286.935417139429,359.53114005717856,0.0,295.5839770318706,332.5935528748474,323.3990387860068,295.5839770318706,0.0
0.0,323.56241520733977,287.79962747748027,334.3243951807901,323.56241520733977,0.0,359.2145812999158,324.57548884848796,287.79962747748027,359.2145812999158,0.0,296.0772217634882,334.3243951807901,324.57548884848796,296.0772217634882,0.0
0.0,326.4084794280434,288.63298845700103,335.53873595674514,326.4084794280434,0.0,361.0305861909799,325.90647137746646,288.63298845700103,361.0305861909799,0.0,297.12132211128176,335.53873595674514,325.90647137746646,297.12132211128176,0.0
0.0,326.03156915857556,291.12884839607756,337.45872740813246,326.03156915857556,0.0,362.49825566565204,328.22211511439394,291.12884839607756,362.49825566565204,0.0,298.07135325465225,337.45872740813246,328.22211511439394,298.07135325465225,0.0
0.0,329.4385832365336,292.19826991073637,338.8723083727317,329.4385832365336,0.0,364.06024944661505,327.5344904688244,292.19826991073637,364.06024944661505,0.0,298.20369924957026,338.8723083727317,327.5344904688244,298.20369924957026,0.0
0.0,327.9262026654107,294.658195623045,342.298312379258,327.9262026654107,0.0,365.49780039592395,330.65431637450223,294.658195623045,365.49780039592395,0.0,300.440716883362,342.298312379258,330.65431637450223,300.440716883362,0.0
0.0,329.4557426250515,295.5898318642509,343.2540627035102,329.4557426250515,0.0,366.33936614140407,332.0750007742547,295.5898318642509,366.33936614140407,0.0,302.1897437210193,343.2540627035102,332.0750007742547,302.1897437210193,0.0
0.0,331.14688795555713,295.62991475246264,344.65155141254513,331.14688795555713,0.0,368.14005583383994,334.68733020970876,295.62991475246264,368.14005583383994,0.0,304.2538527519842,344.65155141254513,334.68733020970876,304.2538527519842,0.0
0.0,332.92049550544505,295.3671574781615,346.02843593689414,332.92049550544505,0.0,370.1875800719825,336.0595952042637,295.3671574781615,370.1875800719825,0.0,307.4040878360498,346.02843593689414,336.0595952042637,307.4040878360498,0.0
0.0,334.97557889978435,297.41336411621774,347.4847596973766,334.97557889978435,0.0,371.76794394307876,336.3999226069523,297.41336411621774,371.76794394307876,0.0,307.22127394015376,347.4847596973766,336.3999226069523,307.22127394015376,0.0
0.0,335.6203310832833,298.023202966837,346.4701998819611,335.6203310832833,0.0,371.56908057635553,337.03965849951106,298.023202966837,371.56908057635553,0.0,307.83557075876104,346.4701998819611,337.03965849951106,307.83557075876104,0.0
0.0,335.7600933832683,295.4304817182868,347.63756975883985,335.7600933832683,0.0,373.0213803884241,339.7183393410577,295.4304817182868,373.0213803884241,0.0,308.0467365874115,347.63756975883985,339.7183393410577,308.0467365874115,0.0
0.0,334.39364696071783,295.17852518399934,348.2800388534927,334.39364696071783,0.0,372.51349158849695,340.9765000927097,295.17852518399934,372.51349158849695,0.0,307.7989523123611,348.2800388534927,340.9765000927097,307.7989523123611,0.0
0.0,335.27318935161617,294.6842232530317,350.04627931534185,335.27318935161617,0.0,372.84246668312306,342.5154319162618,294.6842232530317,372.84246668312306,0.0,309.2798209651783,350.04627931534185,342.5154319162618,309.2798209651783,0.0
0.0,335.92278590618713,295.8229497524681,349.8948434405338,335.92278590618713,0.0,373.9693759776327,344.68949617387204,295.8229497524681,373.9693759776327,0.0,308.62501013539946,349.8948434405338,344.68949617387204,308.62501013539946,0.0
0.0,334.28802698198245,293.35108925743674,349.9888530988819,334.28802698198245,0.0,373.75229345929483,347.7949750725684,293.35108925743674,373.75229345929483,0.0,310.440998997121,349.9888530988819,347.7949750725684,310.440998997121,0.0
0.0,335.2512981266061,291.4179040720013,351.35173990405497,335.2512981266061,0.0,375.96035204761057,348.77698330885505,291.4179040720013,375.96035204761057,0.0,311.8788043848084,351.35173990405497,348.77698330885505,311.8788043848084,0.0
0.0,335.4622854272319,289.41945743081703,349.89960373654606,335.4622854272319,0.0,377.25574208705336,350.3743318920216,289.41945743081703,377.25574208705336,0.0,311.464025251588,349.89960373654606,350.3743318920216,311.464025251588,0.0
0.0,335.1210861265609,287.6179736058771,349.0000848365694,335.1210861265609,0.0,377.31108400140766,352.4915481100951,287.6179736058771,377.31108400140766,0.0,312.16762719346264,349.0000848365694,352.4915481100951,312.16762719346264,0.0
0.0,336.10530612839074,286.7628876704205,351.8066387013474,336.10530612839074,0.0,377.5405882914257,354.1408455413742,286.7628876704205,377.5405882914257,0.0,313.11037410072646,351.8066387013474,354.1408455413742,313.11037410072646,0.0
0.0,336.9555044991069,286.8586722050133,352.0321313030728,336.9555044991069,0.0,378.1078654711587,357.38019075541223,286.8586722050133,378.1078654711587,0.0,315.04762127370157,352.0321313030728,357.38019075541223,315.04762127370157,0.0
0.0,337.18679394486,285.9683955852583,352.5862080097747,337.18679394486,0.0,378.3323947769333,356.85487768869154,285.9683955852583,378.3323947769333,0.0,314.71302892618604,352.5862080097747,356.85487768869154,314.71302892618604,0.0
0.0,336.08616910232416,285.77821867382704,353.8112684017853,336.08616910232416,0.0,379.12841515824755,358.5793492487111,285.77821867382704,379.12841515824755,0.0,314.68563264822154,353.8112684017853,358.5793492487111,314.68563264822154,0.0
0.0,336.6502618218748,286.0746236046813,355.7788607378198,336.6502618218748,0.0,380.1916087805694,358.2210416497053,286.0746236046813,380.1916087805694,0.0,315.57757434039667,355.7788607378198,358.2210416497053,315.57757434039667,0.0
0.0,335.975379249555,285.49433718603586,355.9671932255422,335.975379249555,0.0,379.71043373045416,359.6409552931977,285.49433718603586,379.71043373045416,0.0,316.1489746884479,355.9671932255422,359.6409552931977,316.1489746884479,0.0
0.0,335.44832865600574,288.84792834016497,357.7081950962728,335.44832865600574,0.0,380.3603420017672,358.83804066896704,288.84792834016497,380.3603420017672,0.0,317.1477404699065,357.7081950962728,358.83804066896704,317.1477404699065,0.0
0.0,333.52381255587295,288.31223179372677,358.56659194809055,333.52381255587295,0.0,379.6764896907299,358.2290840217737,288.31223179372677,379.6764896907299,0.0,318.0634548250191,358.56659194809055,358.2290840217737,318.0634548250191,0.0
0.0,333.44499747814695,290.0374145986164,360.155269045298,333.44499747814695,0.0,378.90895451500285,357.8605521582387,290.0374145986164,378.90895451500285,0.0,318.91027939580863,360.155269045298,357.8605521582387,318.91027939580863,0.0
0.0,333.8518986580335,290.89135449794054,361.3913538731901,333.8518986580335,0.0,378.51963748664076,357.14219393742707,290.89135449794054,378.51963748664076,0.0,320.3041523933178,361.3913538731901,357.14219393742707,320.3041523933178,0.0
0.0,333.7322865200404,291.82905305447986,363.52015192125083,333.7322865200404,0.0,377.70039388647336,355.43297055370743,291.82905305447986,377.70039388647336,0.0,321.3392709632677,363.52015192125083,355.43297055370743,321.3392709632677,0.0
0.0,332.7193249731681,293.4107910567114,363.31752037355517,332.7193249731681,0.0,377.29949429953393,353.07341869209006,293.4107910567114,377.29949429953393,0.0,318.89141569207953,363.31752037355517,353.07341869209006,318.89141569207953,0.0
0.0,332.82319758090586,296.9720934168995,366.4553024306526,332.82319758090586,0.0,377.37179412355056,351.67977237707987,296.9720934168995,377.37179412355056,0.0,319.71027883673776,366.4553024306526,351.67977237707987,319.71027883673776,0.0
0.0,333.963204041465,297.3575047360315,366.80018158290903,333.963204041465,0.0,377.0287094740984,350.38231635950643,297.3575047360315,377.0287094740984,0.0,318.89278415508693,366.80018158290903,350.38231635950643,318.89278415508693,0.0
0.0,335.4092111728173,300.2838749131819,366.5513727145743,335.4092111728173,0.0,377.59572450618697,349.8151765833064,300.2838749131819,377.59572450618697,0.0,318.63509362480335,366.5513727145743,349.8151765833064,318.63509362480335,0.0
0.0,336.11746045802397,300.37819446876347,367.51546781288295,336.11746045802397,0.0,375.69923782135714,347.16296730827264,300.37819446876347,375.69923782135714,0.0,318.10468274621206,367.51546781288295,347.16296730827264,318.10468274621206,0.0
0.0,337.6046734277324,300.9562046397013,368.5597992765908,337.6046734277324,0.0,375.1092361844119,345.1812626829715,300.9562046397013,375.1092361844119,0.0,315.6735917602155,368.5597992765908,345.1812626829715,315.6735917602155,0.0
0.0,337.9894782748414,303.6172670284938,368.8743033949865,337.9894782748414,0.0,375.6557726303136,343.9365470776329,303.6172670284938,375.6557726303136,0.0,316.3657610788586,368.8743033949865,343.9365470776329,316.3657610788586,0.0
0.0,338.9532356359526,303.05687983818194,369.06979785283295,338.9532356359526,0.0,375.09329264016975,342.4556451945408,303.05687983818194,375.09329264016975,0.0,315.9900590599852,369.06979785283295,342.4556451945408,315.9900590599852,0.0
0.0,341.2847327068992,304.6141212540039,368.00756149215164,341.2847327068992,0.0,374.2537769362789,340.82697824727575,304.6141212540039,374.2537769362789,0.0,314.26011607310016,368.00756149215164,340.82697824727575,314.26011607310016,0.0
0.0,341.3762571529542,304.4968358967663,369.06727756667664,341.3762571529542,0.0,374.2613909276514,339.8133132995366,304.4968358967663,374.2613909276514,0.0,316.0913814801237,369.06727756667664,339.8133132995366,316.0913814801237,0.0
0.0,342.08867475432965,306.3700229656779,369.19251925696096,342.08867475432965,0.0,373.7292017015713,337.44255481826855,306.3700229656779,373.7292017015713,0.0,316.52895672386785,369.19251925696096,337.44255481826855,316.52895672386785,0.0
0.0,343.0935619164567,304.8250772752043,368.8911660264729,343.0935619164567,0.0,373.0268458081715,336.9127453563124,304.8250772752043,373.0268458081715,0.0,314.9799813778473,368.8911660264729,336.9127453563124,314.9799813778473,0.0
0.0,343.9135541040915,304.96048502643475,369.50764955598726,343.9135541040915,0.0,371.80371135430613,334.42157599934427,304.96048502643475,371.80371135430613,0.0,315.4420797231569,369.50764955598726,334.42157599934427,315.4420797231569,0.0
0.0,344.42484003304884,303.38486237849787,369.33285712093993,344.42484003304884,0.0,369.26782075252373,333.3288903743887,303.38486237849787,369.26782075252373,0.0,314.3370882314337,369.33285712093993,333.3288903743887,314.3370882314337,0.0
0.0,343.20572402660804,302.0105921801029,368.8689736654066,343.20572402660804,0.0,370.19712285366904,332.6002649072898,302.0105921801029,370.19712285366904,0.0,314.695927329082,368.8689736654066,332.6002649072898,314.695927329082,0.0
0.0,341.64466733636937,298.68491994670694,367.52957190722,341.64466733636937,0.0,367.4653600021308,330.048108662725,298.68491994670694,367.4653600021308,0.0,314.05418887694134,367.52957190722,330.048108662725,314.05418887694134,0.0
0.0,340.97179123175084,296.7404927354365,368.45540072643723,340.97179123175084,0.0,366.6291477359978,329.0677464300443,296.7404927354365,366.6291477359978,0.0,314.7329247655869,368.45540072643723,329.0677464300443,314.7329247655869,0.0
0.0,340.1073256086372,294.86706157962954,367.3080987886051,340.1073256086372,0.0,364.9124790420706,327.99689528352667,294.86706157962954,364.9124790420706,0.0,315.0893109896813,367.3080987886051,327.99689528352667,315.0893109896813,0.0
0.0,339.93128917014485,292.9319497773993,366.9273090903613,339.93128917014485,0.0,364.0805991403902,327.1964071161165,292.9319497773993,364.0805991403902,0.0,315.3012580793779,366.9273090903613,327.1964071161165,315.3012580793779,0.0
0.0,338.80950774146197,291.2065060719392,366.22676230826784,338.80950774146197,0.0,362.347640638761,325.905853597095,291.2065060719392,362.347640638761,0.0,313.9385933595921,366.22676230826784,325.905853597095,313.9385933595921,0.0
0.0,337.7854284650071,289.1078842981689,365.61093371084087,337.7854284650071,0.0,360.78776777766507,326.20071445204906,289.1078842981689,360.78776777766507,0.0,315.0877416780366,365.61093371084087,326.20071445204906,315.0877416780366,0.0
0.0,336.45603966658103,290.44662389227034,364.3920792331313,336.45603966658103,0.0,360.46192513360626,324.3997055984945,290.44662389227034,360.46192513360626,0.0,316.40723632241,364.3920792331313,324.3997055984945,316.40723632241,0.0
0.0,335.5897199695979,287.60263817398925,363.7772718204086,335.5897199695979,0.0,358.66603138131546,325.6929123468764,287.60263817398925,358.66603138131546,0.0,314.88598636651375,363.7772718204086,325.6929123468764,314.88598636651375,0.0
0.0,334.7799059514279,287.37508231523424,360.9185541878621,334.7799059514279,0.0,358.8614806676382,324.36380184011153,287.37508231523424,358.8614806676382,0.0,314.57442943151517,360.9185541878621,324.36380184011153,314.57442943151517,0.0
0.0,333.6930908201863,286.82906360373386,359.9740608293266,333.6930908201863,0.0,358.1919937837495,325.0671936378689,286.82906360373386,358.1919937837495,0.0,313.3781321955578,359.9740608293266,325.0671936378689,313.3781321955578,0.0
0.0,333.7345815981498,287.4882647478296,357.3919285084507,333.7345815981498,0.0,357.4898369932378,322.4345019278379,287.4882647478296,357.4898369932378,0.0,311.8422121120861,357.3919285084507,322.4345019278379,311.8422121120861,0.0
0.0,331.5634242730095,288.63355456304475,357.39461421043734,331.5634242730095,0.0,357.5469946439842,323.72789742701417,288.63355456304475,357.5469946439842,0.0,313.07899005111017,357.39461421043734,323.72789742701417,313.07899005111017,0.0
0.0,332.4580362184864,290.6621099829842,356.90468799775357,332.4580362184864,0.0,355.9574826006346,321.85037997731627,290.6621099829842,355.9574826006346,0.0,313.0496930305962,356.90468799775357,321.85037997731627,313.0496930305962,0.0
0.0,331.4988848868308,288.8409349946929,356.8716902114186,331.4988848868308,0.0,357.3777127609284,323.4285838357943,288.8409349946929,357.3777127609284,0.0,312.72827003963334,356.8716902114186,323.4285838357943,312.72827003963334,0.0
0.0,333.7345815981498,287.4882647478296,357.3919285084507,333.7345815981498,0.0,357.4898369932378,322.4345019278379,287.4882647478296,357.4898369932378,0.0,311.8422121120861,357.3919285084507,322.4345019278379,311.8422121120861,0.0
0.0,333.4121909275689,287.3873165635989,359.97906846661596,333.4121909275689,0.0,357.9365779289556,324.63739070807196,287.3873165635989,357.9365779289556,0.0,313.82142056317434,359.97906846661596,324.63739070807196,313.82142056317434,0.0
0.0,334.7799059514279,287.37508231523424,360.9185541878621,334.7799059514279,0.0,358.8614806676382,324.36380184011153,287.37508231523424,358.8614806676382,0.0,314.57442943151517,360.9185541878621,324.36380184011153,314.57442943151517,0.0
0.0,335.5897199695979,287.60263817398925,363.7772718204086,335.5897199695979,0.0,358.66603138131546,325.6929123468764,287.60263817398925,358.66603138131546,0.0,314.88598636651375,363.7772718204086,325.6929123468764,314.88598636651375,0.0
0.0,336.45603966658103,290.44662389227034,364.3920792331313,336.45603966658103,0.0,360.46192513360626,324.3997055984945,290.44662389227034,360.46192513360626,0.0,316.40723632241,364.3920792331313,324.3997055984945,316.40723632241,0.0
0.0,337.7854284650071,289.1078842981689,365.61093371084087,337.7854284650071,0.0,360.78776777766507,326.20071445204906,289.1078842981689,360.78776777766507,0.0,315.0877416780366,365.61093371084087,326.20071445204906,315.0877416780366,0.0
0.0,338.80950774146197,291.2065060719392,366.22676230826784,338.80950774146197,0.0,362.347640638761,325.905853597095,291.2065060719392,362.347640638761,0.0,313.9385933595921,366.22676230826784,325.905853597095,313.9385933595921,0.0
0.0,339.93128917014485,292.9319497773993,366.9273090903613,339.93128917014485,0.0,364.0805991403902,327.1964071161165,292.9319497773993,364.0805991403902,0.0,315.3012580793779,366.9273090903613,327.1964071161165,315.3012580793779,0.0
0.0,340.44591136807713,294.69622236515625,367.6036707821185,340.44591136807713,0.0,365.2699374255992,328.51059666640106,294.69622236515625,365.2699374255992,0.0,315.44029107432306,367.6036707821185,328.51059666640106,315.44029107432306,0.0
0.0,340.97179123175084,296.7404927354365,368.45540072643723,340.97179123175084,0.0,366.6291477359978,329.0677464300443,296.7404927354365,366.6291477359978,0.0,314.7329247655869,368.45540072643723,329.0677464300443,314.7329247655869,0.0
0.0,341.64466733636937,298.68491994670694,367.52957190722,341.64466733636937,0.0,367.4653600021308,330.048108662725,298.68491994670694,367.4653600021308,0.0,314.05418887694134,367.52957190722,330.048108662725,314.05418887694134,0.0
0.0,343.20572402660804,302.0105921801029,368.8689736654066,343.20572402660804,0.0,370.19712285366904,332.6002649072898,302.0105921801029,370.19712285366904,0.0,314.695927329082,368.8689736654066,332.6002649072898,314.695927329082,0.0
0.0,344.42484003304884,303.38486237849787,369.33285712093993,344.42484003304884,0.0,369.26782075252373,333.3288903743887,303.38486237849787,369.26782075252373,0.0,314.3370882314337,369.33285712093993,333.3288903743887,314.3370882314337,0.0
0.0,343.9238674095195,305.22138256935614,369.78894725974095,343.9238674095195,0.0,371.65547045480724,334.6302009494786,305.22138256935614,371.65547045480724,0.0,314.69309974034365,369.78894725974095,334.6302009494786,314.69309974034365,0.0
0.0,343.0935619164567,304.8250772752043,368.8911660264729,343.0935619164567,0.0,373.0268458081715,336.9127453563124,304.8250772752043,373.0268458081715,0.0,314.9799813778473,368.8911660264729,336.9127453563124,314.9799813778473,0.0
